tree
version=v4
num_class=1
num_tree_per_iteration=1
label_index=0
max_feature_idx=87
objective=lambdarank
feature_names=登番 モーター ボート 級 天気 風向 開催経過日 展示 風速 波高 体重 勝率 2連率 3連率 当地勝率 当地2連率 当地3連率 モーター勝率 モーター2連率 モーター3連率 ボート勝率 ボート2連率 ボート3連率 平均スタートタイミング 1コース進入回数 2コース進入回数 3コース進入回数 4コース進入回数 5コース進入回数 6コース進入回数 1コース複勝率 2コース複勝率 3コース複勝率 4コース複勝率 5コース複勝率 6コース複勝率 1コース平均スタートタイミング 2コース平均スタートタイミング 3コース平均スタートタイミング 4コース平均スタートタイミング 5コース平均スタートタイミング 6コース平均スタートタイミング 1コース平均スタート順位 2コース平均スタート順位 3コース平均スタート順位 4コース平均スタート順位 5コース平均スタート順位 6コース平均スタート順位 展示_レース内順位 勝率_レース内順位 2連率_レース内順位 3連率_レース内順位 当地勝率_レース内順位 当地2連率_レース内順位 当地3連率_レース内順位 モーター勝率_レース内順位 モーター2連率_レース内順位 モーター3連率_レース内順位 ボート勝率_レース内順位 ボート2連率_レース内順位 ボート3連率_レース内順位 平均スタートタイミング_レース内順位 1コース複勝率_レース内順位 2コース複勝率_レース内順位 3コース複勝率_レース内順位 4コース複勝率_レース内順位 5コース複勝率_レース内順位 6コース複勝率_レース内順位 展示_レース内差 勝率_レース内差 2連率_レース内差 3連率_レース内差 当地勝率_レース内差 当地2連率_レース内差 当地3連率_レース内差 モーター勝率_レース内差 モーター2連率_レース内差 モーター3連率_レース内差 ボート勝率_レース内差 ボート2連率_レース内差 ボート3連率_レース内差 平均スタートタイミング_レース内差 1コース複勝率_レース内差 2コース複勝率_レース内差 3コース複勝率_レース内差 4コース複勝率_レース内差 5コース複勝率_レース内差 6コース複勝率_レース内差
feature_infos=[0:1966] [0:64] [0:64] [0:4] [0:3] [0:8] [0:4017] [6.4500000000000002:7.2599999999999998] [0:10] [0:10] [0:70] [0:8.5700000000000003] [0:81.299999999999997] [0:93.799999999999997] [0:10.619999999999999] [0:100] [0:100] [0:11] [0:100] [0:100] [0:11] [0:100] [0:100] [0:0.28999999999999998] [0:102] [0:103] [0:53] [0:47] [0:51] [0:132] [0:100] [0:100] [0:100] [0:100] [0:100] [0:100] [0:0.54000000000000004] [0:0.55000000000000004] [0:0.40000000000000002] [0:0.40999999999999998] [0:0.62] [0:0.58999999999999997] [0:6] [0:6] [0:6] [0:6] [0:6] [0:6] [1:6] [1:6] [1:6] [1:6] [1:6] [1:6] [1:6] [1:6] [1:6] [1:6] [1:6] [1:6] [1:6] [1:6] [1:6] [1:6] [1:6] [1:6] [1:6] [1:6] [-0.23166666666666735:0.21833333333333371] [-5.2616666666666667:4.0849999999999991] [-42.033333333333331:47.016666666666666] [-57.850000000000001:54.86666666666666] [-7.2433333333333332:6.5950000000000006] [-61.183333333333337:75.450000000000003] [-74.483333333333334:76.183333333333337] [-6.3599999999999994:7.9166666666666661] [-61.116666666666667:83.333333333333329] [-64.816666666666663:83.333333333333329] [-6.416666666666667:8.0283333333333324] [-56.566666666666663:83.333333333333329] [-67.916666666666671:83.333333333333329] [-0.18500000000000003:0.11166666666666664] [-77.583333333333329:68.266666666666666] [-51.866666666666667:70.150000000000006] [-48.416666666666664:72.983333333333334] [-47.333333333333336:76.083333333333329] [-37.800000000000004:80.049999999999997] [-31.433333333333334:82.983333333333334]
tree_sizes=1885 1891 1899 1890 1892 1887 1893 1889 1889 1874 1869 1895 1872 1874 1883 1881 1776 1894 1874 1894 1878 1890 1870 1454 1889 1542 1874 1881 1883 1858 1775 1762 1857 1882 1437 1772 1663 1760 1872 1856 1879 1648 1732 1344 1869 1860 1554 1559 1876 1881

Tree=0
num_leaves=16
num_cat=0
split_feature=69 48 82 48 82 62 71 48 48 48 48 72 48 82 30
split_gain=3839.46 1302.93 806.549 442.006 392.067 259.415 222.647 135.97 122.18 109.173 83.1106 74.7749 71.8658 53.2691 37.0167
threshold=-0.17499999999999935 2.5000000000000004 -7.575000000000002 2.5000000000000004 6.3166666666666673 3.5000000000000004 -19.408333333333328 4.5000000000000009 4.5000000000000009 2.5000000000000004 1.5000000000000002 1.0000000180025095e-35 4.5000000000000009 -3.4833333333333303 23.300000000000004
decision_type=2 2 2 2 2 2 2 2 2 2 2 2 2 2 2
left_child=2 5 6 11 8 13 14 -6 -3 -8 -7 -4 -5 -2 -1
right_child=1 4 3 12 7 10 9 -9 -10 -11 -12 -13 -14 -15 -16
leaf_value=-0.16449142838514028 0.010162686216389449 -0.010442683576099114 -0.0031046435365391437 -0.041857878999613268 0.041401549691888438 0.10016822010078374 -0.052689546341599648 -0.0010332777415730072 -0.058368043480554944 -0.10389329824579022 0.069228502769789493 0.051805046431161308 -0.086290576857574366 0.052206907506196165 -0.12286640820975715
leaf_weight=430.60716239602334 443.57410131661163 1020.5323725316775 410.27542257480673 648.90553177411493 1528.3911577020262 1684.6239783137062 519.64791420633992 1031.7297182418333 761.26292110878421 1012.6982972221522 1251.750064928885 397.81835144365323 559.53185385812685 562.7281597663241 317.34997231861053
leaf_count=5448 3758 9640 4093 6671 14285 10937 5749 11275 8422 12440 9568 2682 6446 4331 3848
internal_value=-0.000179669 0.0357846 -0.0695315 -0.0278478 0.00160839 0.0734096 -0.106373 0.0242827 -0.0309448 -0.0865602 0.0869952 0.0238714 -0.0624705 0.0337201 -0.146897
internal_weight=12581.4 8284.59 4296.83 2016.53 4341.92 3942.68 2280.3 2560.12 1781.8 1532.35 2936.37 808.094 1208.44 1006.3 747.957
internal_count=119593 72216 47377 19892 43622 28594 27485 25560 18062 18189 20505 6775 13117 8089 9296
is_linear=0
shrinkage=0.0904078


Tree=1
num_leaves=16
num_cat=0
split_feature=70 68 68 69 3 83 68 68 71 84 68 85 49 83 83
split_gain=4515.02 1520.5 1519.34 795.143 570.065 467.121 373.301 295.14 293.408 254.338 202.741 202.208 198.478 95.6398 90.1618
threshold=2.6666666666666701 -0.018333333333333087 -0.024166666666666888 -0.94249999999999978 1.5000000000000002 10.966666666666669 -0.068333333333333787 0.022499999999999968 -12.208333333333334 4.7500000000000036 -0.088333333333332473 4.6999999999999984 5.5000000000000009 -22.291666666666661 3.5666666666666651
decision_type=2 2 2 2 2 2 2 2 2 2 2 2 2 2 2
left_child=2 6 4 13 8 9 14 -5 -1 -3 -6 -7 -8 -4 -2
right_child=1 5 3 7 10 11 12 -9 -10 -11 -12 -13 -14 -15 -16
leaf_value=-0.067904277956271186 0.049082945634665497 -0.03604878064875712 -0.13158606336361883 -0.03004921717813884 0.085842343480671074 -0.0026886038305555097 0.028206839812729645 -0.063506491445183347 -0.0097917539234304522 0.0016462107578136841 0.019227664651749878 0.035417511617518146 0.056448427781509436 -0.090362511386370248 0.085597244641464981
leaf_weight=915.543731939586 728.83719154825667 2436.7596277767443 722.15160790427763 5778.3963699477608 435.05488789454103 1662.476974496647 4752.9749414690887 3445.7318828712887 3177.3014479115955 3655.8198764044791 2665.196056640154 3594.5016234944051 3569.7817176630488 1312.2654838095041 2382.5239976629382
leaf_count=4755 1228 7206 5860 19544 735 4563 9011 16947 7964 9604 5368 8848 6086 8466 3408
internal_value=0.000133296 0.0270563 -0.0331082 -0.0538446 -0.00064543 0.00360973 0.0503255 -0.0425525 -0.0228027 -0.0134227 0.0285911 0.0233581 0.0403258 -0.10502 0.077059
internal_weight=41235.3 22783.7 18451.6 11258.5 7193.1 11349.6 11434.1 9224.13 4092.85 6092.58 3100.25 5256.98 8322.76 2034.42 3111.36
internal_count=119593 49954 69639 50817 18822 30221 19733 36491 12719 16810 6103 13411 15097 14326 4636
is_linear=0
shrinkage=0.0904078


Tree=2
num_leaves=16
num_cat=0
split_feature=82 68 86 69 69 68 52 68 25 68 15 81 40 15 85
split_gain=3064.65 1259.65 605.687 595.851 569.923 346.874 214.337 211.601 172.784 161.837 130.64 128.83 111.086 59.2286 21.0053
threshold=-4.0500000000000069 -0.016666666666667048 8.425000000000006 0.46416666666666645 -0.42999999999999922 -0.068333333333333787 5.5000000000000009 0.027499999999999861 9.5000000000000018 -0.038333333333333545 57.750000000000007 -0.011666666666666671 0.18500000000000003 48.150000000000013 -6.9166666666666661
decision_type=2 2 2 2 2 2 2 2 2 2 2 2 2 2 2
left_child=4 2 5 7 8 -2 -5 -3 14 12 -10 -4 -6 -11 -1
right_child=1 3 11 6 9 -7 -8 -9 10 13 -12 -13 -14 -15 -16
leaf_value=-0.13258209456451248 0.049950130670058684 -0.015037397015761268 0.071855035097834197 -0.0010329812771934109 0.015982664187094882 0.0093252472632876296 0.02925919703002668 -0.050458201472654209 -0.073641949164086132 -0.04647093893449683 0.040823840561995242 0.042530587378677071 -0.053660210258735942 -0.008509228574858271 -0.086954352599447421
leaf_weight=479.21473892708309 2237.38657457917 4070.3863563893683 2549.0640862272121 5160.7721580994112 857.96220803531469 7417.9900311645761 3027.596772838966 2088.9679445738293 2761.5977099806551 2193.4811643349531 83.437351250060601 2379.7451819221023 239.3987074867764 400.29192346025957 107.95394860637316
leaf_count=5378 4269 14907 4487 14623 1891 16119 7957 11224 19728 10229 252 4831 948 1599 1312
internal_value=0.000123323 0.0132033 0.0319146 -0.00581319 -0.0529954 0.0187439 0.0101619 -0.0270581 -0.0795221 -0.0283166 -0.0702686 0.0577061 0.000746894 -0.0406301 -0.124276
internal_weight=36055.2 28931.9 14584.2 14347.7 7123.34 9655.38 8188.37 6159.35 3432.2 3691.13 2845.04 4928.81 1097.36 2593.77 587.169
internal_count=119754 78417 29706 48711 41337 20388 22580 26131 26670 14667 19980 9318 2839 11828 6690
is_linear=0
shrinkage=0.0904078


Tree=3
num_leaves=16
num_cat=0
split_feature=3 68 70 49 81 68 85 82 82 68 82 68 63 18 69
split_gain=2358.47 741.061 701.867 411.767 309.161 296.445 197.826 190.614 156.637 134.045 129.242 114.758 96.729 68.039 59.4443
threshold=1.5000000000000002 -0.040000000000000473 -6.0833333333333339 5.5000000000000009 0.0016666666666666637 0.015833333333333147 -3.5333333333333292 -21.699999999999989 20.95000000000001 0.01166666666666716 9.5583333333333389 0.056666666666667094 5.5000000000000009 46.050000000000004 -1.9283333333333328
decision_type=2 2 2 2 2 2 2 2 2 2 2 2 2 2 2
left_child=2 4 7 6 10 8 -3 14 -4 -9 -2 -5 -6 -7 -1
right_child=1 3 5 11 12 13 -8 9 -10 -11 -12 -13 -14 -15 -16
leaf_value=-0.12743586625069062 0.03770600037134731 -0.02720655474844387 -0.01162112696651107 0.03156887797868687 -0.0012503530185277148 -0.051634276925497095 0.0033079900171942623 -0.03613694837208016 0.032236327793909128 -0.076536265898202852 0.067905345203072454 -0.018287813740040685 0.051668400709924449 0.010666179449422334 -0.081034749616261406
leaf_weight=325.22306054906949 1977.794342667592 2274.7403231326971 4918.5174627031374 4800.3135546569829 1300.1855675670085 1782.6195678683434 7332.2282362342667 1884.592635439476 769.39025009045145 1049.6235901809923 2828.4830071292818 408.33505703828996 360.06186084490037 154.49807986844098 782.98506781725155
leaf_count=4733 3990 9389 14938 11995 3104 9681 24379 10168 1735 8513 5742 1467 839 616 8465
internal_value=0.000419881 0.0183305 -0.0322462 0.0071812 0.0438676 -0.0160927 -0.00391256 -0.062704 -0.00568048 -0.0506047 0.055488 0.0276515 0.0101995 -0.0466418 -0.0946961
internal_weight=32949.6 21282.1 11667.4 14815.6 6466.52 7625.03 9606.97 4042.42 5687.91 2934.22 4806.28 5208.65 1660.25 1937.12 1108.21
internal_count=119754 60905 58849 47230 13675 26970 33768 31879 16673 18681 9732 13462 3943 10297 13198
is_linear=0
shrinkage=0.0904078


Tree=4
num_leaves=16
num_cat=0
split_feature=3 68 84 3 68 82 68 85 70 86 61 68 85 84 33
split_gain=1648.89 656.646 583.301 325.023 268.059 189.22 167.417 153.712 152.168 145.473 105.391 101.596 86.667 59.6984 47.2509
threshold=1.5000000000000002 -0.040000000000000473 -8.399999999999995 2.5000000000000004 0.018333333333333094 2.2833333333333354 0.024999999999999915 8.3000000000000043 -12.691666666666661 -4.224999999999997 4.5000000000000009 0.00083333333333346371 17.991666666666674 26.141666666666673 6.8000000000000016
decision_type=2 2 2 2 2 2 2 2 2 2 2 2 2 2 2
left_child=2 9 8 6 7 -5 -3 -4 14 13 -11 -10 -6 -2 -1
right_child=1 3 4 5 12 -7 -8 -9 11 10 -12 -13 -14 -15 -16
leaf_value=-0.11578296444455484 0.01426061642209287 0.024592420802928505 -0.01176965314367953 -0.038315091923738998 -0.050812353894569416 -0.0016984056151043299 -0.0055280493843422171 0.026903004930083518 -0.030669922866483477 0.051682704536363505 0.0065586570473374507 -0.068332370913240265 0.046645351201105453 -0.10899555672351198 -0.074434623243672948
leaf_weight=349.53104674773567 1037.1277244852972 5960.5597247511323 4538.6029286661797 1514.4769326587266 1565.6502530107682 4851.8401144915115 2016.2062482322654 1030.4129296150204 1368.7856251647609 4368.6495203160448 471.02604806167074 1032.2606664624036 77.801555902493419 33.049506534123793 678.878282507314
leaf_count=5454 2546 15668 16962 7906 11112 15848 7704 3105 6334 9789 1268 7869 344 73 7816
internal_value=0.000124717 0.0152661 -0.028687 0.00481303 -0.0140833 -0.0104164 0.0169735 -0.00460591 -0.0593863 0.0406278 0.0473005 -0.0468814 -0.0461702 0.0104087 -0.0885351
internal_weight=30894.9 20252.9 10641.9 14343.1 7212.47 6366.32 7976.77 5569.02 3429.46 5909.85 4839.68 2401.05 1643.45 1070.18 1028.41
internal_count=119798 60802 58996 47126 31523 23754 23372 20067 27473 13676 11057 14203 11456 2619 13270
is_linear=0
shrinkage=0.0904078


Tree=5
num_leaves=16
num_cat=0
split_feature=3 68 70 68 85 68 53 65 71 85 14 86 25 73 64
split_gain=1284.34 517.392 446.386 246.832 210.529 209.713 152.357 121.054 119.574 115.629 79.095 77.1984 72.4473 69.0627 67.4535
threshold=1.5000000000000002 0.016666666666666167 -7.3833333333333266 -0.071666666666665865 17.675000000000008 -0.010833333333333249 4.5000000000000009 5.5000000000000009 22.808333333333337 -7.2166666666666632 6.4450000000000012 -17.541666666666661 7.5000000000000009 -1.0666666666666689 4.5000000000000009
decision_type=2 2 2 2 2 2 2 2 2 2 2 2 2 2 2
left_child=2 3 9 10 -5 11 14 -7 -8 12 -2 -4 -1 -11 -3
right_child=1 6 5 4 -6 7 8 -9 -10 13 -12 -13 -14 -15 -16
leaf_value=-0.11471496389141508 0.037301192646868667 -0.044512754719378662 -0.11075973827686442 0.011538806393623046 0.04084774839569006 -0.037503159263166407 -0.00497268227191056 0.013424769491505093 0.052232289304858529 -0.047372355442552555 0.073466417427451941 0.0017244389600570387 -0.063041226317629664 0.0038837399790719574 -0.012464579545977962
leaf_weight=264.012254789086 1345.192118120438 1171.8187093585948 50.499575496534817 9979.3511138110625 2509.1769703923201 2873.7267059930309 2154.6972054501239 438.42680137121351 346.58262571820524 757.54299026441731 790.3931361346331 3813.7711175005825 1487.6021095542746 297.70570741678239 999.63869140576571
leaf_count=4727 3263 6552 186 29224 6255 16724 8436 1707 900 7387 1852 11458 14874 1933 4320
internal_value=0.000304058 0.0139248 -0.0260192 0.022294 0.0174312 -0.0140547 -0.012258 -0.030748 0.00293604 -0.0565924 0.0507083 0.000241833 -0.0708576 -0.0328691 -0.0297806
internal_weight=29280.1 19296.9 9983.29 14624.1 12488.5 7176.42 4672.74 3312.15 2501.28 2806.86 2135.59 3864.27 1751.61 1055.25 2171.46
internal_count=119798 60802 58996 40594 35479 30075 20208 18431 9336 28921 5115 11644 19601 9320 10872
is_linear=0
shrinkage=0.0904078


Tree=6
num_leaves=16
num_cat=0
split_feature=69 68 68 82 81 30 65 68 86 73 53 31 33 31 85
split_gain=1038.69 424.653 315.178 209.337 197.263 170.793 168.139 135.109 109.113 88.269 78.8717 77.6181 71.1677 49.2754 40.0983
threshold=0.30999999999999989 -0.010833333333333249 -0.016666666666667048 -7.3333333333333384 0.01833333333333333 84.250000000000014 5.5000000000000009 -0.10749999999999992 9.4583333333333375 -4.9499999999999966 3.5000000000000004 54.900000000000006 36.500000000000007 57.250000000000007 -1.4166666666666667
decision_type=2 2 2 2 2 2 2 2 2 2 2 2 2 2 2
left_child=1 4 5 12 7 8 11 -1 -2 -5 -8 -4 -3 -7 -6
right_child=2 3 6 9 14 13 10 -9 -10 -11 -12 -13 -14 -15 -16
leaf_value=0.071821557188214577 0.0074413917084676078 -0.06955009062561017 -0.013006408693878395 -0.043434590336241828 -0.05220710487138449 0.036976148437997083 -0.0074166885793364775 0.00036113105243551659 0.037965472643279291 -0.015034083614075697 0.028873172400056039 0.011062802735353958 -0.011964690053219294 0.060534033786295557 -0.014085471088894973
leaf_weight=225.3800201004633 2850.5506978260528 1564.8874235333278 3680.2007342730503 1415.4854208047545 694.34867815831967 2075.070726793143 618.60320422067889 5359.9095786311373 1445.0493224139209 2451.5195277387174 2312.1563690984622 1557.0984320268763 199.77922017614765 1133.9645549906709 339.54246311269526
leaf_count=561 7857 19104 14914 9611 4733 4625 1750 19941 4137 14405 6376 5613 1944 2703 1535
internal_value=0.000732582 -0.0189877 0.0161502 -0.0372368 -0.00345419 0.0295265 0.00385475 0.00325326 0.0177206 -0.0254419 0.0211978 -0.00584168 -0.063057 0.0453154 -0.0397324
internal_weight=27923.5 12250.9 15672.7 5631.67 6619.18 7504.64 8168.06 5585.29 4295.6 3867 2930.76 5237.3 1764.67 3209.04 1033.89
internal_count=119809 71834 47975 45064 26770 19322 28653 20502 11994 24016 8126 20527 21048 7328 6268
is_linear=0
shrinkage=0.0904078


Tree=7
num_leaves=16
num_cat=0
split_feature=82 48 49 83 83 84 82 85 48 48 24 12 86 8 69
split_gain=839.297 396.243 253.376 173.994 158.067 139.167 113.305 99.8669 78.4313 76.3166 68.0173 52.938 42.3802 30.2036 7.79052
threshold=-7.1166666666666556 3.5000000000000004 5.5000000000000009 -6.9666666666666659 -11.033333333333331 1.0500000000000027 6.9500000000000073 -5.4500000000000011 1.5000000000000002 1.5000000000000002 26.500000000000004 8.7500000000000018 11.191666666666672 4.5000000000000009 -2.3874999999999988
decision_type=2 2 2 2 2 2 2 2 2 2 2 2 2 2 2
left_child=4 2 5 10 11 -2 -5 13 -4 -9 -3 14 -13 -6 -1
right_child=1 3 8 6 7 -7 -8 9 -10 -11 -12 12 -14 -15 -16
leaf_value=-0.1153962917666719 -0.0036408268813473725 -0.053588390074722873 0.05004338805572546 -0.021187249563049893 -0.040272131307416172 0.016738925096382855 0.0043257235383847153 0.025239233899461741 0.02465936199174899 -0.022551315160068329 0.00065621406208237962 -0.058453246920748145 0.028194985002780146 -0.085900870127886567 -0.08229335107000163
leaf_weight=140.03379141343976 4686.8045340446406 906.83355711419426 1590.7958153336658 2117.8081916153751 800.80724237168397 6578.5428715499438 4329.9846835881544 384.31090766816487 2690.9340409545111 939.63035897372538 236.56911826258874 1080.6967059365743 47.452963064060896 142.05349274584296 127.22079715521613
leaf_count=2974 16537 6825 4616 12282 7480 19223 17328 1452 6972 7014 1305 11611 444 1130 2616
internal_value=0.000742081 0.00710877 0.015377 -0.00981886 -0.0394707 0.00825615 -0.00404712 -0.0247006 0.0341012 -0.00864408 -0.0423256 -0.0634307 -0.0547675 -0.0471975 -0.0998197
internal_weight=26800.5 23138.3 15547.1 7591.2 3662.21 11265.3 6447.79 2266.8 4281.73 1323.94 1143.4 1395.4 1128.15 942.861 267.255
internal_count=119809 85088 47348 37740 34721 35760 29610 17076 11588 8466 8130 17645 12055 8610 5590
is_linear=0
shrinkage=0.0904078


Tree=8
num_leaves=16
num_cat=0
split_feature=82 68 84 52 68 13 34 23 0 14 48 25 69 33 35
split_gain=712.163 367.883 262.985 166.263 142.747 126.083 106.623 105.502 101.072 91.1186 75.2842 72.5695 54.1997 31.0282 1.09881
threshold=3.9166666666666612 -0.045833333333333386 -15.333333333333329 3.5000000000000004 0.024999999999999915 71.15000000000002 24.050000000000004 0.13500000000000004 59.500000000000007 6.245000000000001 1.5000000000000002 29.500000000000004 -1.9283333333333328 33.650000000000006 6.3500000000000005
decision_type=2 2 2 2 2 2 2 2 2 2 2 2 2 2 2
left_child=2 6 12 7 5 -3 9 -4 -5 -2 -8 -6 14 -14 -1
right_child=1 4 3 8 11 -7 10 -9 -10 -11 -12 -13 13 -15 -16
leaf_value=-0.11001091135594872 0.011992848265102527 0.0054419488503633486 0.015123804175490514 0.034690051376571836 -0.017158038047758905 0.037981625869667489 0.063601653483957965 -0.031027331067524342 -0.006566585781034074 0.05366938343977453 0.013216558664197227 0.044305127301263875 -0.058302309935697738 -0.015758525420292786 -0.074203817937796152
leaf_weight=152.90263033453812 1602.5969593570626 8141.3703019504319 450.12206121708732 561.69611552566494 2739.7487842027258 1106.4520910615684 1283.4712404742604 3916.6497730264928 3567.0141803837614 587.66597467611427 301.79793247426278 166.16054921914474 861.56242556252619 171.06169519978721 16.420648169798369
leaf_count=3903 4376 27234 1052 2718 14057 3196 3914 28446 15673 1644 843 805 9837 1506 376
internal_value=-0.000250597 0.0115069 -0.0195684 -0.0139612 0.00384494 0.00934018 0.0361589 -0.0262596 -0.000942518 0.0231964 0.0540387 -0.0136275 -0.0591613 -0.0512994 -0.106821
internal_weight=25626.7 15929.3 9697.43 8495.48 12153.7 9247.82 3775.53 4366.77 4128.71 2190.26 1585.27 2905.91 1201.95 1032.62 169.323
internal_count=119580 56069 63511 47889 45292 30430 10777 29498 18391 6020 4757 14862 15622 11343 4279
is_linear=0
shrinkage=0.0904078


Tree=9
num_leaves=16
num_cat=0
split_feature=3 68 84 83 83 68 3 53 7 68 81 15 71 7 77
split_gain=524.002 331.566 259.542 152.138 152.027 108.578 107.605 91.4373 72.5315 71.4493 59.5622 57.265 40.0555 20.8285 3.7402
threshold=1.5000000000000002 -0.045833333333333386 -14.349999999999994 14.88333333333334 -5.9166666666666652 0.028333333333332881 2.5000000000000004 5.5000000000000009 6.745000000000001 0.016666666666666167 0.0091666666666666719 44.050000000000004 -28.124999999999989 6.7150000000000007 -19.508333333333326
decision_type=2 2 2 2 2 2 2 2 2 2 2 2 2 2 2
left_child=2 6 12 5 9 -3 10 -5 -6 -4 -2 -8 14 -14 -1
right_child=1 3 4 7 8 -7 11 -9 -10 -11 -12 -13 13 -15 -16
leaf_value=0 0.050887267569527099 0.00050547600134879188 -0.020824964645738325 0.0060537604125996047 0.016232909222179542 -0.024169544801210373 0.0052913537098564032 0.03473050990967945 -0.0091482754504532658 -0.056043965921594815 0.00042389053695202539 0.040276877340630242 -0.01902403872462002 -0.054922358866692965 -0.1032402092958465
leaf_weight=3.3905976078094673 1907.4203420769481 6747.3639107443378 1755.6045278944512 2455.3234575726092 1254.2252836710177 1858.0457087149916 1277.5684467459214 1447.5460211285681 3451.2374335590866 647.53689518673491 214.49795464985073 548.14661487413105 157.00507749283497 999.1604644255749 141.03346287482782
leaf_count=101 5793 24460 11216 8502 5905 11346 3835 4657 16647 7585 640 1530 1965 11399 3999
internal_value=-0.000273116 0.00910697 -0.0186344 0.00189367 -0.0118323 -0.00481702 0.031951 0.0167016 -0.00237326 -0.0303344 0.0458077 0.0158207 -0.0557759 -0.0500875 -0.100979
internal_weight=24865.1 16455.9 8409.19 12508.3 7108.6 8605.41 3947.63 3902.87 4705.46 2403.14 2121.92 1825.72 1300.59 1156.17 144.424
internal_count=119580 60763 58817 48965 41353 35806 11798 13159 22552 18801 6433 5365 17464 13364 4100
is_linear=0
shrinkage=0.0904078


Tree=10
num_leaves=16
num_cat=0
split_feature=3 68 85 3 68 73 68 85 72 66 69 13 18 30 78
split_gain=500.881 202.56 178.749 160.026 110.243 107.026 86.766 84.6386 79.192 77.9805 72.0947 71.1982 67.8018 65.282 56.3959
threshold=1.5000000000000002 -0.040000000000000473 -2.7333333333333329 2.5000000000000004 -0.063333333333333006 6.4666666666666668 -0.033333333333332764 20.575000000000006 -0.35166666666666607 5.5000000000000009 -0.45166666666666683 52.750000000000007 45.350000000000001 68.050000000000011 0.59666666666666723
decision_type=2 2 2 2 2 2 2 2 2 2 2 2 2 2 2
left_child=2 5 4 12 13 10 11 -5 -6 -8 -2 -4 -3 -1 -7
right_child=1 3 6 7 8 14 9 -9 -10 -11 -12 -13 -14 -15 -16
leaf_value=-0.017886627672498094 -0.052192515554056504 0.0085075897753249322 0.020888739663551811 -0.013350009832561495 -0.053470498080471177 0.042954190412995807 -0.021788313394673867 0.029437352223662595 -0.02627548906718024 0.021949446852659999 0.014230292613003447 -0.036434201545030791 0.040076655738626787 0.0523839307382611 0
leaf_weight=279.62511555785386 143.80438385251909 5894.4190887173609 1192.6305326444999 4683.7503538447781 1548.0707897821521 2102.7565273176879 2285.1530753490151 410.42700745232287 2038.8736931383173 389.02423827043822 1832.9266299426672 207.48626146430615 615.25141565564263 175.62844748416683 282.38969815697055
leaf_count=1919 488 21586 4375 22274 20847 6495 14941 1392 14044 1693 5732 665 1770 541 976
internal_value=-0.000943416 0.008351 -0.0192318 0.00210324 -0.032704 0.0249612 -0.00585438 -0.00989362 -0.0380255 -0.0154084 0.00937436 0.0123608 0.0114985 0.0091239 0.0378597
internal_weight=24082.2 15965.7 8116.49 11603.8 4042.2 4361.88 4074.29 5094.18 3586.94 2674.18 1976.73 1400.12 6509.67 455.254 2385.15
internal_count=119738 60713 59025 47022 37351 13691 21674 23666 34891 16634 6220 5040 23356 2460 7471
is_linear=0
shrinkage=0.0904078


Tree=11
num_leaves=16
num_cat=0
split_feature=3 68 84 81 83 3 84 34 86 77 70 18 11 68 14
split_gain=422.986 176.108 173.348 120.572 118.697 116.013 76.587 72.2121 71.1407 64.5861 62.7478 50.8421 30.1986 25.2815 5.05192
threshold=1.5000000000000002 -0.016666666666667048 -15.091666666666661 0.0049999999999999914 7.5333333333333332 2.5000000000000004 -15.333333333333329 26.450000000000006 -6.8250000000000002 -11.283333333333333 19.758333333333344 45.550000000000004 3.2150000000000003 0.010000000000000233 2.0100000000000002
decision_type=2 2 2 2 2 2 2 2 2 2 2 2 2 2 2
left_child=2 3 12 7 8 11 -5 -2 -4 -6 -7 -3 14 -14 -1
right_child=1 5 4 6 9 10 -8 -9 -10 -11 -12 -13 13 -15 -16
leaf_value=-0.094840589952078211 0.014701889309893412 0.0050538309913197316 -0.036017111550199543 -0.099338094241351954 0.059065895252391268 -0.016157506283428987 -9.3083264149607667e-05 0.035036045476481516 -0.012630132500377289 0.0015783588806134695 0.04549602438399903 0.038159554051911189 -0.032058399852244998 -0.063901901921555246 -0.057888508362103762
leaf_weight=137.63965425983042 3143.9636541186774 4260.8159229097 1537.1182061303261 66.404924401984317 177.56381213011628 3388.7538106974389 1488.2941817571118 2632.4959525914019 3482.5667361226879 1608.8414516970151 140.13645559491124 416.979861157306 517.10190930785393 347.59263094456401 48.887953503137396
leaf_count=4016 9826 16787 13375 235 701 18322 5178 8664 21667 6848 439 1262 5524 5493 1401
internal_value=-0.000865952 0.00777666 -0.0179625 0.0179606 -0.012676 -0.00131527 -0.00436319 0.0239768 -0.0198009 0.00731886 -0.0136959 0.00801485 -0.0521447 -0.0449134 -0.0854106
internal_weight=23395.2 15537.8 7857.31 7331.16 6806.09 8206.69 1554.7 5776.46 5019.68 1786.41 3528.89 4677.8 1051.22 864.695 186.528
internal_count=119738 60713 59025 23903 42591 36810 5413 18490 35042 7549 18761 18049 16434 11017 5417
is_linear=0
shrinkage=0.0904078


Tree=12
num_leaves=16
num_cat=0
split_feature=82 68 68 68 86 72 0 61 34 68 0 70 80 83 79
split_gain=358.116 199.213 165.854 151.49 109.669 99.5735 87.0671 69.8758 64.3351 56.2389 53.5631 51.1709 43.6516 42.0326 18.4116
threshold=2.2833333333333354 -0.06666666666666686 -0.039166666666666565 0.043333333333333453 0.23333333333333608 -0.15999999999999989 37.500000000000007 2.5000000000000004 26.200000000000006 -0.073333333333332792 1733.5000000000002 -1.7833333333333339 -12.599999999999996 -23.758333333333326 10.150000000000006
decision_type=2 2 2 2 2 2 2 2 2 2 2 2 2 2 2
left_child=2 8 7 4 -3 13 -7 9 11 -1 -9 -2 -5 -4 -10
right_child=1 3 5 12 -6 6 -8 10 14 -11 -12 -13 -14 -15 -16
leaf_value=0.056722280324500551 -0.018774543640510604 -0.0044365745751723659 -0.076232296185320195 0.030946989800605396 0.013710587315163501 0.027576452796236557 -0.019743242178549555 -0.0029428992163549705 0.063032194856732768 0.0081538551564166294 -0.068882979740996039 0.032138105188084201 -0.027379682157077038 -0.035040540418159932 0
leaf_weight=293.78412936317909 194.86208484732197 4164.6234881799828 227.1373029380411 112.65850544157729 7840.265721148171 358.82825449993106 2735.6809703860672 1171.5240968312464 606.36809554952197 587.08297621570455 110.34401054214686 911.02130593275069 1394.8127108757981 2060.419579821988 38.959808964369586
leaf_count=941 643 18096 6034 620 27882 2320 18044 6704 2150 2210 374 2779 8733 22081 175
internal_value=-0.000224232 0.00773839 -0.0163391 0.00401629 0.00741135 -0.0248375 -0.0142413 0.00478868 0.0364315 0.0244054 -0.00865608 0.0231255 -0.02299 -0.0391514 0.059161
internal_weight=22808.4 15263.6 7544.8 13512.4 12004.9 5382.07 3094.51 2162.74 1751.21 880.867 1281.87 1105.88 1507.47 2287.56 645.328
internal_count=119786 61078 58708 55331 45978 48479 20364 10229 5747 3151 7078 3422 9353 28115 2325
is_linear=0
shrinkage=0.0904078


Tree=13
num_leaves=16
num_cat=0
split_feature=84 68 68 52 79 14 85 82 61 42 31 20 6 1 31
split_gain=316.164 175.712 131.181 108.883 93.9242 79.9843 77.7623 71.7822 66.8139 59.4141 51.4457 49.4302 44.027 42.0529 40.628
threshold=2.2166666666666637 0.016666666666666167 -0.06666666666666686 4.5000000000000009 5.1500000000000004 6.8850000000000007 15.733333333333334 9.5583333333333389 1.5000000000000002 3.7500000000000004 31.400000000000002 6.1750000000000007 3881.5000000000005 9.5000000000000018 60.250000000000007
decision_type=2 2 2 2 2 2 2 2 2 2 2 2 2 2 2
left_child=1 3 9 8 -5 7 10 -4 -1 11 -3 -2 -7 -11 -8
right_child=2 6 5 4 -6 12 14 -9 -10 13 -12 -13 -14 -15 -16
leaf_value=0.0090898620292895176 0.04490678624043979 -0.057102386301182258 -0.0067316971594005189 0.019118398226810884 -0.025529888672860428 0.014571298879539315 0.033644308738090996 0.0092201595394086847 -0.018603904410192582 -0.14337464707436548 -0.028407303985693761 -0.0300353251714119 0.046460889639220307 -0.00083111114137446719 -0.067501439904786534
leaf_weight=873.16450673092731 1236.8947014165024 784.74916678078625 4022.9690416821904 1930.6840508393361 480.30344094043539 1329.3114510474552 193.0852829981086 5396.7640861505934 3812.3037518852798 19.99101001714007 1497.8344557003147 75.617184807662852 486.08613164722919 113.44819929459482 38.775862538837828
leaf_count=4431 4325 12703 20383 7063 1787 7061 1015 20166 26695 101 12927 328 250 395 156
internal_value=-0.000310683 -0.0126802 0.0090605 -0.00539593 0.0102047 0.00575683 -0.03322 0.00240262 -0.0134333 0.0346981 -0.0382932 0.0405539 0.0231357 -0.0225544 0.0165259
internal_weight=22292 9610.9 12681.1 7096.46 2410.99 11235.1 2514.44 9419.73 4685.47 1445.95 2282.58 1312.51 1815.4 133.439 231.861
internal_count=119786 66777 53009 39976 8850 47860 26801 40549 31126 5149 25630 4653 7311 496 1171
is_linear=0
shrinkage=0.0904078


Tree=14
num_leaves=16
num_cat=0
split_feature=82 68 82 85 14 68 24 81 81 47 31 31 66 20 74
split_gain=261.017 128.803 112.132 109.791 91.8217 65.0764 64.7113 61.1692 60.7108 58.3499 46.1892 38.2767 24.9714 19.741 12.6107
threshold=2.458333333333329 -0.043333333333333439 -23.491666666666664 5.4166666666666696 6.0550000000000006 -0.0066666666666663757 21.500000000000004 -0.01 -0.016666666666666666 4.3500000000000005 23.900000000000002 22.850000000000005 4.5000000000000009 5.5050000000000008 21.908333333333342
decision_type=2 2 2 2 2 2 2 2 2 2 2 2 2 2 2
left_child=2 4 12 6 9 8 -3 -5 -4 -2 -6 -7 14 -14 -1
right_child=1 3 5 7 10 11 -8 -9 -10 -11 -12 -13 13 -15 -16
leaf_value=-0.061583872165219419 0.018139295838637479 -0.020023310129618242 0.026072272691199227 0.016593453666497789 -0.089410788153966969 -0.047311182971034406 0.00053713506910734723 -0.0016761573366359881 -0.0083905684354429744 -0.01587001373796457 0.040569730177797726 -0.017722902390024407 -0.039656037249723851 0.042024062445699548 0.017772570204310945
leaf_weight=524.81381097983103 1462.9625606557966 2325.0575787660709 478.38056786624657 3617.987754426591 22.465796259464696 423.30792113291682 2699.9327816089644 2549.0342990854333 3279.2281512546615 572.83551746740704 1405.2249227841967 2392.2981796013519 68.310458346088126 37.05486331472639 15.970724343598702
leaf_count=12182 5138 12917 1931 12600 83 5749 12666 10060 17008 1890 5136 20677 981 422 124
internal_value=-0.00126177 0.0056673 -0.0153342 0.000948126 0.0209036 -0.0117925 -0.00896715 0.00903465 -0.0039908 0.00854722 0.0384907 -0.0221879 -0.0512916 -0.0104944 -0.0591551
internal_weight=21874.9 14655.5 7219.36 11192 3463.49 6573.21 5024.99 6167.02 3757.61 2035.8 1427.69 2815.61 646.15 105.365 540.785
internal_count=119564 60490 59074 48243 12247 45365 25583 22660 18939 7028 5219 26426 13709 1403 12306
is_linear=0
shrinkage=0.0904078


Tree=15
num_leaves=16
num_cat=0
split_feature=83 84 73 71 68 68 81 68 66 47 0 71 18 7 80
split_gain=235.864 141.972 93.6013 73.9105 71.2032 60.9982 60.251 59.0637 54.6945 48.8939 39.059 27.5953 12.7611 9.85828 7.70938
threshold=-9.5833333333333286 4.9083333333333341 4.6249999999999973 -19.891666666666655 0.039999999999999598 -0.01666666666666616 -0.0066666666666666671 0.025000000000000803 3.5000000000000004 5.4500000000000011 43.500000000000007 12.891666666666667 47.150000000000013 6.7950000000000008 -29.608333333333327
decision_type=2 2 2 2 2 2 2 2 2 2 2 2 2 2 2
left_child=3 2 5 12 8 -2 -4 10 -3 -6 -5 -9 14 -14 -1
right_child=1 4 6 7 9 -7 -8 11 -10 -11 -12 -13 13 -15 -16
leaf_value=0.050563454049657779 -0.004313347562857367 0.0006729670487876818 0.016411036805157642 0.018228817919790873 -0.013991235479010275 -0.02518838696674499 -0.0057808879366548138 -0.051525585501689709 0.017065719184852498 0.12647547116477334 -0.018126788039997139 0.041370259140002974 0.061505583284345314 -0.074537104989499586 -0.075404544245213923
leaf_weight=3.5770974324332192 2309.5032956750765 2252.5329750107048 1813.4689072059191 276.59643238454009 1100.7517235054765 2279.5021999490018 2225.2350108654282 516.62389976162012 6427.1681154422477 20.550548763902043 1848.6832457569253 26.959669690433657 10.504695268009529 7.33081304060397 264.97844359045848
leaf_count=81 10350 9946 7374 1790 6429 19725 10800 7511 23581 102 13283 157 329 234 7872
internal_value=-0.00120223 0.00259781 -0.00585643 -0.0249142 0.0100446 -0.0146927 0.00417254 -0.0202059 0.0128168 -0.011373 -0.0133736 -0.0468324 -0.0686248 0.00300561 -0.0735516
internal_weight=21384 18428.7 8627.71 2955.25 9801 4589.01 4038.7 2668.86 8679.7 1121.3 2125.28 543.584 286.391 17.8355 268.556
internal_count=119564 88307 48249 31257 40058 30075 18174 22741 33527 6531 15073 7668 8516 563 7953
is_linear=0
shrinkage=0.0904078


Tree=16
num_leaves=15
num_cat=0
split_feature=68 82 61 1 52 71 44 33 85 20 32 80 83 75
split_gain=183.393 147.068 100.682 86.9129 81.6993 60.824 53.3972 51.0253 39.0118 38.6419 29.4277 33.0695 28.7181 15.4722
threshold=0.03666666666666752 -9.3833333333333275 1.5000000000000002 62.500000000000007 4.5000000000000009 7.9166666666666758 2.3500000000000001 73.200000000000003 2.2833333333333328 4.9750000000000005 57.750000000000007 -8.7999999999999918 -4.3999999999999959 0.19083333333333299
decision_type=2 2 2 2 2 2 2 2 2 2 2 2 2 2
left_child=1 6 3 -3 -4 10 13 9 -8 -7 12 -12 -2 -1
right_child=5 2 4 -5 -6 7 8 -9 -10 -11 11 -13 -14 -15
leaf_value=-0.090387335167072827 -0.053315558549485532 0.014194656578343486 -0.0057169679484768273 0.083503829809044999 0.0098211937108858647 0.014707961271598468 -0.025048764144523991 0.14305606861726375 0.00619759505987984 -0.020407070015191962 0.13406875517350067 -0.0094074239828832399 -0.026653412468422455 -0.029165610974032558
leaf_weight=109.79349090608048 567.97951374594595 5170.6659532297017 6309.0120703050088 152.53416060880409 4923.6173664153393 373.97067414848425 1174.8266043238291 18.202718810876831 449.39365042943245 805.97204911017616 15.842206417553824 73.735133375579608 817.09772593067282 52.429683988442775
leaf_count=2306 10152 19249 32073 581 19358 1826 15290 49 3640 4290 74 552 8373 1451
internal_value=6.01502e-05 0.00328627 0.00594768 0.0161897 0.00108985 -0.0220621 -0.0213524 -0.00688377 -0.0163754 -0.00923898 -0.034363 0.0154934 -0.0376206 -0.0708907
internal_weight=21015.1 18342.3 16555.8 5323.2 11232.6 2672.8 1786.44 1198.15 1624.22 1179.94 1474.65 89.5773 1385.08 162.223
internal_count=119264 93948 71261 19830 51431 25316 22687 6165 18930 6116 19151 626 18525 3757
is_linear=0
shrinkage=0.0904078


Tree=17
num_leaves=16
num_cat=0
split_feature=68 85 24 85 52 59 76 75 68 17 83 63 0 81 24
split_gain=150.092 133.703 115.135 88.5431 66.6713 62.3921 62.0721 60.5502 59.2061 55.6266 54.0829 51.6404 42.4054 41.2466 30.4352
threshold=-0.016666666666667048 -4.2166666666666623 25.500000000000004 17.675000000000008 4.5000000000000009 3.5000000000000004 -7.8083333333333327 -0.31666666666666593 0.058333333333333133 5.7550000000000008 1.2166666666666723 1.5000000000000002 888.50000000000011 -0.030833333333333334 38.500000000000007
decision_type=2 2 2 2 2 2 2 2 2 2 2 2 2 2 2
left_child=2 8 3 9 13 7 -6 -4 10 -1 -2 -7 -5 -3 -10
right_child=1 4 5 12 6 11 -8 -9 14 -11 -12 -13 -14 -15 -16
leaf_value=-0.0080133368359884202 -0.030696814443677688 0.024497828960748654 0.0021220175277484685 0.010069685514694077 -0.019389308339147097 0.080920504393549905 0.011190010823738458 0.042037529227216396 -0.063481923124946868 0.012290448976074004 -0.0032422077307075986 0.0059014450454373413 0.057714832624588257 -0.012301278311653749 0.081905439396550331
leaf_weight=4114.8630674206233 1383.6948689581404 266.65125894126686 401.99493403322413 313.85748963040533 636.74076899836655 78.610703400569037 3638.1625094877018 1404.3054751737945 346.21477275874895 1505.6789292104477 1024.8347815052548 1693.3109375306231 302.47387409617659 3603.0916632358676 11.888239623425759
leaf_count=19789 19053 1150 1675 1496 2920 293 15861 5230 6014 6752 7170 6156 912 24736 57
internal_value=0.0003042 -0.00699032 0.00841804 0.000993613 -0.0011516 0.021346 0.0066245 0.0331797 -0.0241621 -0.00256604 -0.0190339 0.00925665 0.0335279 -0.00975362 -0.0585218
internal_weight=20726.4 10911.3 9815.1 6236.87 8144.65 3578.22 4274.9 1806.3 2766.63 5620.54 2408.53 1771.92 616.331 3869.74 358.103
internal_count=119264 76961 42303 28949 44667 13354 18781 6905 32294 26541 26223 6449 2408 25886 6071
is_linear=0
shrinkage=0.0904078


Tree=18
num_leaves=16
num_cat=0
split_feature=63 24 68 0 68 87 64 0 66 7 2 0 75 82 6
split_gain=169.273 114.217 104.518 75.0214 74.1858 71.0538 70.2629 66.2061 46.3829 39.5847 35.7156 26.0629 18.5478 16.4077 10.4066
threshold=4.5000000000000009 8.5000000000000018 -0.013333333333334084 23.500000000000004 -0.063333333333333006 -2.4833333333333329 4.5000000000000009 31.500000000000004 2.5000000000000004 6.8850000000000007 57.500000000000007 1745.5000000000002 -2.1574999999999993 -10.799999999999999 3595.5000000000005
decision_type=2 2 2 2 2 2 2 2 2 2 2 2 2 2 2
left_child=1 11 7 8 9 -4 -6 -3 14 -5 -10 12 -1 -13 -2
right_child=3 2 5 4 6 -7 -8 -9 10 -11 -12 13 -14 -15 -16
leaf_value=0.081787609345169279 0.061450178894359164 0.042408155418544334 -0.027083983945672768 0.02557430749462699 -0.0057860682957563527 -0.0060430044284296887 0.011856183868190541 0.00032203369191942567 0.017555827832500388 0.12776355506742645 0.10777514696003325 -0.06108908589079047 -0.038117825973607147 -0.12222923828382488 0.12924346586182983
leaf_weight=10.764405115143743 32.424584595413762 324.60249093337916 2262.9670789987485 1116.0379320181237 3402.7508721460617 3138.3456391355849 4025.567910545622 5229.7538112936527 256.50507908236614 32.104405845748261 42.130081356299343 146.44569827173837 244.69647828777306 50.920689755119383 56.811997875571251
leaf_count=104 427 1999 22571 4345 16205 22445 16375 23437 1394 33 171 1961 7916 141 37
internal_value=-0.000447777 -0.00775488 -0.00591102 0.00884655 0.00708136 -0.014867 0.00376852 0.00279001 0.0477566 0.0284746 0.0304455 -0.0522612 -0.0328781 -0.07711 0.105149
internal_weight=20372.8 11408.5 10955.7 8964.33 8576.46 5401.31 7428.32 5554.36 387.872 1148.14 298.635 452.827 255.461 197.366 89.2366
internal_count=119561 80574 70452 38987 36958 45016 32580 25436 2029 4378 1565 10122 8020 2102 464
is_linear=0
shrinkage=0.0904078


Tree=19
num_leaves=16
num_cat=0
split_feature=82 68 86 0 86 87 83 32 18 17 85 68 6 85 68
split_gain=152.279 84.3756 64.8518 64.2029 75.1251 59.1781 51.5045 50.7965 49.3661 37.5303 29.7414 22.5673 24.9834 24.7417 21.1265
threshold=-7.3333333333333384 -0.01666666666666616 -3.7833333333333332 29.500000000000004 8.0750000000000011 6.8000000000000025 -16.691666666666659 27.050000000000001 38.650000000000013 4.5550000000000006 5.1166666666666689 -0.079999999999999613 3903.5000000000005 -9.2833333333333279 -0.046666666666666405
decision_type=2 2 2 2 2 2 2 2 2 2 2 2 2 2 2
left_child=7 3 8 5 -5 -2 -4 11 -3 14 -11 13 -13 -1 -9
right_child=1 2 6 4 -6 -7 -8 9 -10 10 -12 12 -14 -15 -16
leaf_value=-0.066089725338193767 0.058734230558128334 -0.024671670233560067 -0.052188485704621097 0.0012441188619527232 0.019908591332179919 -0.039334286893576438 0.0019452147913050226 -0.097647962415051387 0.0061051250377531525 -0.011872714248292161 0.021797193788356723 -0.032381394519331003 -0.068536815382419194 0.051686889727611353 -0.028477503342455284
leaf_weight=21.017233164122445 342.10023529172759 1679.1688217731917 146.70555840890302 5519.6393313933659 2593.6718199688185 58.362586387695046 6789.5004492268181 48.724496826456743 567.85431005993814 812.23956035236188 290.87494465526106 850.3931406687625 195.50412856414914 46.41442137316335 152.88651213090634
leaf_count=357 1557 13222 1382 21114 9617 441 34222 228 3854 8176 1911 20929 566 330 1655
internal_value=-0.000422758 0.00248263 -0.00352454 0.0089675 0.00721647 0.0443262 0.00079346 -0.021705 -0.0168737 -0.00955267 -0.00295278 -0.035905 -0.0391851 0.0142893 -0.0454322
internal_weight=20115.1 17697 9183.23 8513.77 8113.31 400.463 6936.21 2418.05 2247.02 1304.73 1103.11 1113.33 1045.9 67.4317 201.611
internal_count=119561 85409 52680 32729 30731 1998 35604 34152 17076 11970 10087 22182 21495 687 1883
is_linear=0
shrinkage=0.0904078


Tree=20
num_leaves=16
num_cat=0
split_feature=3 29 3 68 84 85 11 53 2 82 78 78 30 74 60
split_gain=148.254 71.0792 69.2104 75.2398 63.2357 55.0651 53.9903 48.3196 46.3401 45.2636 38.7583 37.8671 14.1676 12.1882 3.33552
threshold=1.5000000000000002 26.500000000000004 2.5000000000000004 -0.11833333333333272 -3.7666666666666635 17.675000000000008 5.3050000000000006 4.5000000000000009 63.500000000000007 6.650000000000003 0.26833333333333403 0.06083333333333308 74.700000000000017 14.73333333333334 2.5000000000000004
decision_type=2 2 2 2 2 2 2 2 2 2 2 2 2 2 2
left_child=1 4 8 11 7 -5 -6 -1 9 -2 -10 -4 13 -3 -14
right_child=2 12 3 5 6 -7 -8 -9 10 -11 -12 -13 14 -15 -16
leaf_value=-0.027199911167527391 0.00067051249079359799 -0.059946030880784235 0.017166720303340436 -0.0068258788656104736 0.0024707940857133298 0.019749311644975277 -0.026936871625813163 0.0032939002195385434 0.090654382729676922 0.015352991069620037 -0.034298380546820481 0.12438347358922078 -0.15417199995032621 0.036213830529817886 -0.084927558697044353
leaf_weight=2013.0664326017213 2718.3175288772181 158.15140362159218 54.256336093443679 5137.7848642252393 3135.4766268001295 726.90825687300821 609.08768612389395 535.02233683085797 100.33529468756751 4686.3101386331691 24.814885964733548 55.731607284396887 15.840723521512698 10.935859032237202 16.316539173894853
leaf_count=26512 11407 5643 145 26667 19706 2934 2891 3682 296 19115 79 120 89 106 220
internal_value=-0.000263271 -0.0114907 0.00513231 -0.00212716 -0.0097905 -0.00352412 -0.00230063 -0.0207793 0.0108986 0.00996908 0.0655121 0.0719272 -0.0644183 -0.053452 -0.120563
internal_weight=19998.4 6493.9 13504.5 5974.68 6292.65 5864.69 3744.56 2548.09 7529.78 7404.63 125.15 109.988 201.245 169.087 32.1573
internal_count=119612 58849 60763 29866 52791 29601 22597 30194 30897 30522 375 265 6058 5749 309
is_linear=0
shrinkage=0.0904078


Tree=21
num_leaves=16
num_cat=0
split_feature=87 68 32 68 55 24 52 82 71 72 25 10 69 0 72
split_gain=136.769 93.1969 73.2796 59.5323 55.0976 51.4888 47.1657 79.5201 52.0033 45.2583 45.1335 42.657 38.7972 36.2132 22.8112
threshold=3.5833333333333353 -0.016666666666667048 27.250000000000004 0.016666666666666167 5.5000000000000009 32.500000000000007 3.5000000000000004 8.3999999999999968 9.4333333333333336 3.0625000000000004 9.5000000000000018 48.500000000000007 0.7266666666666669 1675.5000000000002 0.27999999999999964
decision_type=2 2 2 2 2 2 2 2 2 2 2 2 2 2 2
left_child=1 5 14 6 13 10 7 -2 -8 -7 -1 -4 -6 -5 -3
right_child=3 2 11 4 12 9 8 -9 -10 -11 -12 -13 -14 -15 -16
leaf_value=-0.055171831493805376 -0.015850250041273287 -0.038858680410737964 -0.035738695282792388 -0.0077338583641986727 -0.0049657070774903533 0.037907756358647404 0.032140805770355094 0.024723259656578993 0.01081703397426265 -0.062265209580083615 0.0009128458714009074 -0.0047654362953896733 0.065606659271761972 -0.064497799162879788 -0.018758545282200053
leaf_weight=119.90942349156467 934.95016476525416 908.34421248865328 397.53900220173455 1401.2040519785733 113.87733224568365 463.36798478927813 1602.9794811068641 683.18055395537522 2265.4491376957158 39.703515420726035 5270.7842571883011 4330.7110286527204 141.21344329669955 98.650985522195697 965.271528049474
leaf_count=2210 5372 18645 2401 9709 932 2075 6584 2544 9082 108 24062 28047 535 239 7067
internal_value=-0.000278864 -0.00601029 -0.0133884 0.00960472 -0.0048698 0.0022466 0.0142429 0.00125198 0.019665 0.0299081 -0.000326521 -0.00737944 0.0339261 -0.011499 -0.028528
internal_weight=19737.1 12495.6 6601.87 7241.51 1754.95 5893.77 5486.56 1618.13 3868.43 503.072 5390.69 4728.25 255.091 1499.86 1873.62
internal_count=119612 84615 56160 34997 11415 28455 23582 7916 15666 2183 26272 30448 1467 9948 25712
is_linear=0
shrinkage=0.0904078


Tree=22
num_leaves=16
num_cat=0
split_feature=68 24 86 68 82 70 69 17 47 76 31 72 7 1 64
split_gain=117.303 85.1106 60.4682 53.3107 62.66 53.0504 41.7644 41.0475 36.3465 33.4815 32.6257 26.3912 23.8372 17.9731 13.3566
threshold=0.016666666666666167 19.500000000000004 -10.624999999999995 -0.060000000000000046 31.833333333333332 3.5333333333333372 1.8416666666666675 6.2950000000000008 5.4500000000000011 -10.816666666666663 28.400000000000002 -0.25083333333333341 6.955000000000001 28.500000000000004 3.5000000000000004
decision_type=2 2 2 2 2 2 2 2 2 2 2 2 2 2 2
left_child=1 2 7 10 -5 11 -4 -1 9 -7 -3 14 -13 -10 -2
right_child=5 3 6 4 -6 8 -8 -9 13 -11 -12 12 -14 -15 -16
leaf_value=-0.039006465716040467 -0.044744739496715411 -0.03380663802962626 0 0.0049916615731124244 0.048231405671061982 -0.037699571632779948 -0.089546554694517583 0.028947244808560427 0.12253582088921232 -0.0018917105815730874 0.026895131438209086 -0.019763297703964386 0.015987578813256905 0.011651293023059069 -0.018906795330091659
leaf_weight=565.98604442839769 504.47462635431293 75.003851526707876 4661.5440773276268 7298.3105615533059 284.93063543768949 233.58596762393427 42.943897525139619 82.547319861227152 27.183925817444106 2518.4791151016907 1653.5888520088192 1073.825951785524 176.21170401727431 23.074027006601682 253.02394808098325
leaf_count=7632 12192 323 28853 30183 1220 1380 130 619 104 13506 6594 12641 990 157 3201
internal_value=0.000652689 0.0046733 -0.00440479 0.00989685 0.00662253 -0.0115963 -0.000827112 -0.0302859 -0.00354064 -0.0049479 0.0242344 -0.0228183 -0.0146869 0.0725705 -0.0361755
internal_weight=19474.7 14664.9 5353.02 9311.83 7583.24 4809.86 4704.49 648.533 2802.32 2752.07 1728.59 2007.54 1250.04 50.258 757.499
internal_count=119725 75554 37234 38320 31403 44171 28983 8251 15147 14886 6917 29024 13631 261 15393
is_linear=0
shrinkage=0.0904078


Tree=23
num_leaves=12
num_cat=0
split_feature=69 81 68 13 6 15 35 79 71 87 0
split_gain=101.52 77.3048 79.8484 65.446 53.5314 48.8027 39.9833 21.4558 21.4489 14.7314 7.20724
threshold=-0.92500000000000038 0.015000000000000001 0.0058333333333333579 72.450000000000017 4009.5000000000005 86.200000000000017 21.950000000000003 -26.324999999999996 -26.958333333333325 -10.15833333333333 212.50000000000003
decision_type=2 2 2 2 2 2 2 2 2 2 2
left_child=7 2 3 -2 6 -4 -3 -1 10 -10 -9
right_child=1 4 5 -5 -6 -7 -8 8 9 -11 -12
leaf_value=0.089368952818688036 0.0066027045936628169 -0.020837262481405026 -0.0054232035281991942 0.032617597968522073 0.067238499732961712 0.12106084543667525 0.026890601238504307 0.023757960099093645 -0.058036458286981965 -0.020313935764562804 -0.072971034598659903
leaf_weight=11.882149678727727 10179.617529583938 1820.5596092107116 5326.1402783414014 858.28724748903187 63.309344097971916 24.993984811560949 154.90738673764281 5.9178958871489149 100.69527323934744 601.67034668370161 112.38931045669324
leaf_count=121 44031 15149 36495 3632 51 98 1178 374 2260 11512 4824
internal_value=0.000769579 0.00216705 0.0042345 0.00862979 -0.0144299 -0.00482325 -0.0170712 -0.0301064 -0.0318949 -0.0257892 -0.0677425
internal_weight=19260.4 18427.8 16389 11037.9 2038.78 5351.13 1975.47 832.555 820.673 702.366 118.307
internal_count=119725 100634 84256 47663 16378 36593 16327 19091 18970 13772 5198
is_linear=0
shrinkage=0.0904078


Tree=24
num_leaves=16
num_cat=0
split_feature=33 55 63 68 30 14 18 66 35 24 39 81 29 76 33
split_gain=111.202 69.9454 64.8828 54.1247 54.4704 53.2465 49.6069 47.2849 44.7433 44.589 43.889 37.4325 36.6053 32.611 20.8047
threshold=21.550000000000001 4.5000000000000009 3.5000000000000004 -0.0049999999999994485 84.700000000000003 6.8950000000000005 46.250000000000007 2.5000000000000004 23.650000000000002 47.500000000000007 0.22500000000000003 0.015000000000000001 20.500000000000004 -8.8583333333333325 9.6000000000000014
decision_type=2 2 2 2 2 2 2 2 2 2 2 2 2 2 2
left_child=1 7 5 4 -4 6 -2 9 -7 -1 -9 12 -3 -5 -13
right_child=2 11 3 13 -6 8 -8 10 -10 -11 -12 14 -14 -15 -16
leaf_value=-0.036554315296478949 -0.011956241774965676 0.016375119262067018 0.0063669177931913084 -0.02092311989072566 0.024585425609700597 0.0086147515410248086 0.02575579562803601 -0.0094752841622097166 0.073741235135960884 0.12883174761612146 -0.09399565206730684 0.0080424530719778765 -0.027378546633696779 0.0034024405306882764 -0.039913534904395517
leaf_weight=1108.9194727443446 3596.1388058924604 1125.3462522315494 3187.0783975093109 515.78007276378048 2327.7474083949783 607.85101558470342 308.94054485132801 2072.936523896582 100.97277511126595 13.340380762048879 51.589214216583059 109.35229122799319 180.8055270676723 3552.0964331912401 219.45547995564266
leaf_count=14340 26185 7148 15107 2918 8208 2794 2069 13183 543 81 810 1981 1891 19844 2581
internal_value=-5.83997e-05 -0.0118312 0.00398669 0.00822945 0.0140651 -0.00481527 -0.0089609 -0.0195126 0.0179591 -0.0345444 -0.0115504 0.00339504 0.0102831 0.00030678 -0.0238267
internal_weight=19078.4 4881.75 14196.6 9582.7 5514.83 4613.9 3905.08 3246.79 708.824 1122.26 2124.53 1634.96 1306.15 4067.88 328.808
internal_count=119683 42015 77668 46077 23315 31591 28254 28414 3337 14421 13993 13601 9039 22762 4562
is_linear=0
shrinkage=0.0904078


Tree=25
num_leaves=13
num_cat=0
split_feature=25 85 84 68 36 43 6 83 31 6 87 70
split_gain=83.4472 71.8995 57.0447 55.7029 51.7256 46.2641 57.5951 44.7428 35.6945 28.937 16.4445 15.4005
threshold=9.5000000000000018 17.675000000000008 2.2166666666666637 0.016666666666666167 0.115 2.9500000000000006 3931.5000000000005 33.441666666666684 51.95000000000001 3893.5000000000005 -1.0666666666666658 -6.0833333333333339
decision_type=2 2 2 2 2 2 2 2 2 2 2 2
left_child=7 2 3 -2 -4 8 -7 9 -3 10 -1 -11
right_child=1 5 4 -5 -6 6 -8 -9 -10 11 -12 -13
leaf_value=-0.05436813802817804 -0.0029412710429945854 -0.019107583117013778 0.031352903388336531 -0.021627340487450578 0.0017287390471208066 0.01666341225872487 0.063228281563138949 0.078549399739968009 0.015241697819769291 -0.040733145996532411 -0.0090816738817454355 -0.1194786054721268
leaf_weight=147.4156051071177 5470.5844749898679 458.82595741581463 512.43874066590797 1715.2965778457365 8140.2751757026053 1356.0361117368884 259.92147108912468 23.537025084195193 536.02167833395652 33.347842367365956 122.97636897145003 61.962074503302574
leaf_count=6238 33995 1741 1355 22607 41654 7126 154 69 2368 205 2105 66
internal_value=-3.51145e-05 0.000836478 -0.00145234 -0.00740812 0.00348854 0.0147391 0.0241824 -0.0414616 -0.000554522 -0.049316 -0.0339433 -0.0924257
internal_weight=18838.6 18449.4 15838.6 7185.88 8652.71 2610.81 1615.96 389.239 994.848 365.702 270.392 95.3099
internal_count=119683 111000 99611 56602 43009 11389 7280 8683 4109 8614 8343 271
is_linear=0
shrinkage=0.0904078


Tree=26
num_leaves=16
num_cat=0
split_feature=24 68 64 0 77 28 17 83 79 43 46 30 31 84 40
split_gain=73.3733 64.3581 56.7129 53.8792 51.5308 50.6853 42.1136 41.0872 39.4612 38.478 33.3704 32.5876 35.5438 21.1734 19.7801
threshold=21.500000000000004 -0.056666666666666192 4.5000000000000009 28.500000000000004 0.75000000000000366 14.500000000000002 5.0850000000000009 33.441666666666684 22.925000000000008 2.3500000000000001 3.3500000000000001 83.500000000000014 28.400000000000002 -15.091666666666661 0.16500000000000004
decision_type=2 2 2 2 2 2 2 2 2 2 2 2 2 2 2
left_child=2 11 4 10 6 -5 -1 8 -4 -6 -3 12 -2 -13 -9
right_child=1 3 7 5 9 -7 -8 14 -10 -11 -12 13 -14 -15 -16
leaf_value=-0.0113712427346471 -0.069403694277505451 0.042671828528031107 0.0014622949118505717 0.024662970277470577 -0.060500342354022268 -0.0016829378752540075 -0.034015937935494435 0.12089184472409939 0.089344695370973809 5.9273495904016608e-05 -0.0034385684318991388 -0.065902554640034292 0.014208402963892334 0.038091671104920101 0.011506432644806852
leaf_weight=1884.4235400259295 43.834828351406031 417.08783885954472 2732.411034675446 649.49011135985347 88.707121583436674 7351.9040609666481 1051.1200646726247 36.096541109494865 42.4151013532246 2508.914508519656 182.71032189071411 16.01316681667231 747.34498059244652 743.27773675500066 23.166323017008835
leaf_count=20871 193 1906 14210 4252 2542 36170 9397 119 175 22157 783 63 3395 3246 122
internal_value=0.000308419 0.00547718 -0.00595718 0.00241494 -0.0112864 0.000449997 -0.0194953 0.00443129 0.002823 -0.0019919 0.0285502 0.0224351 0.0095159 0.035836 0.078928
internal_weight=18518.9 10151.7 8367.25 8601.19 5533.17 8001.39 2935.54 2834.09 2774.83 2597.62 599.798 1550.47 791.18 759.291 59.2629
internal_count=119601 50008 69593 43111 54967 40422 30268 14626 14385 24699 2689 6897 3588 3309 241
is_linear=0
shrinkage=0.0904078


Tree=27
num_leaves=16
num_cat=0
split_feature=34 83 68 0 81 68 80 44 25 75 46 46 44 72 6
split_gain=74.7397 54.1151 50.3196 47.0106 43.3658 41.9194 45.6678 38.0346 37.3212 28.5467 25.397 24.6343 19.7983 18.3663 8.9648
threshold=31.250000000000004 -24.291666666666661 0.028333333333332881 29.500000000000004 0.013333333333333324 0.043333333333333453 -7.2333333333333298 2.2500000000000004 25.500000000000004 1.0450000000000006 3.9500000000000006 3.7500000000000004 2.6500000000000008 0.87000000000000044 3881.5000000000005
decision_type=2 2 2 2 2 2 2 2 2 2 2 2 2 2 2
left_child=1 9 3 -3 5 7 -7 -2 -4 14 12 -11 -6 -12 -1
right_child=4 2 8 -5 10 6 -8 -9 -10 11 13 -13 -14 -15 -16
leaf_value=-0.041586380537228011 -0.012025456396818188 0.022739629431682264 -0.018426394511899782 -0.00097293135026575901 0.049879218997860818 -0.099675017114763259 -0.002593720723910438 0.020765170936766029 0.013984569136613948 0.13029508624530436 -0.024084161352522539 -0.10648267852053833 -0.045786257854222343 0.074889101308140624 -0.08321436277979477
leaf_weight=175.59176691900757 319.56765399840697 727.91325804557164 2065.2125252759088 11137.779053087601 18.936584071583638 45.915364781030803 295.24631037669315 2878.0263934561808 336.25095005737603 13.115251827519389 27.868644414556911 4.7149176094426357 198.78888316463781 32.687021326171816 60.631891125813127
leaf_count=7112 1424 5065 22890 61027 92 425 2052 13543 3042 296 438 196 1504 249 246
internal_value=0.000282929 -0.00267366 -0.00193379 0.000477949 0.0115426 0.0142529 -0.0158005 0.0174737 -0.0138691 -0.0440385 -0.0227564 0.0650576 -0.0372508 0.0285976 -0.0524731
internal_weight=18338.2 14521.2 14267.2 11865.7 3817.04 3538.76 341.162 3197.59 2401.46 254.054 278.281 17.8302 217.725 60.5557 236.224
internal_count=119601 99874 92024 66092 19727 17444 2477 14967 25932 7850 2283 492 1596 687 7358
is_linear=0
shrinkage=0.0904078


Tree=28
num_leaves=16
num_cat=0
split_feature=73 10 68 85 29 28 41 86 30 68 82 6 83 69 84
split_gain=79.8214 72.2332 58.8541 76.3501 50.124 43.2765 42.4841 36.3039 36.1832 39.222 27.8055 18.2238 17.6647 32.3998 13.5516
threshold=4.4500000000000011 49.500000000000007 -0.035833333333333599 5.4166666666666696 21.500000000000004 27.500000000000004 0.19500000000000003 1.2666666666666642 76.800000000000026 -0.0016666666666673711 16.833333333333336 3501.5000000000005 19.558333333333341 0.6933333333333328 5.3666666666666689
decision_type=2 2 2 2 2 2 2 2 2 2 2 2 2 2 2
left_child=5 4 7 -4 6 8 -2 -3 10 -10 -1 -6 13 -7 -14
right_child=1 2 3 -5 11 12 -8 -9 9 -11 -12 -13 14 -15 -16
leaf_value=-0.0097982905049867983 -0.0014002571427764361 0.0060103185354128527 -0.0082169853381352347 0.012130051380961012 -0.047925550576392542 -0.032917842158682348 -0.04153014891752238 0.028401365923863321 0.0072322669207235809 -0.011233376677544378 -0.040379063858036739 -0.16000210106442803 -0.038918638016701181 -0.11429674169580854 0.07914211067314797
leaf_weight=4025.9949650588678 807.77535909830476 986.89459630939382 2725.2153126558042 3369.6727746221077 25.468261956746574 165.7477550707772 295.40162023928133 1501.0162092007813 2499.7178973077462 1506.7524421328999 259.89770303649857 25.030193358659744 15.658626178716078 53.968527818346047 15.57049634188297
leaf_count=48106 3409 4019 17417 14909 319 2195 1486 6470 9616 9814 1500 20 97 258 85
internal_value=-0.000635183 0.00495826 0.00781682 0.00302478 -0.0162682 -0.00701514 -0.0121881 0.0195379 -0.00588935 0.000276298 -0.0116636 -0.10444 -0.0440297 -0.0531268 0.018505
internal_weight=18279.8 9736.47 8582.8 6094.89 1153.68 8543.31 1103.18 2487.91 8292.36 4006.47 4285.89 50.4985 250.945 219.716 31.2291
internal_count=119720 48049 42815 32326 5234 71671 4895 10489 69036 19430 49606 339 2635 2453 182
is_linear=0
shrinkage=0.0904078


Tree=29
num_leaves=16
num_cat=0
split_feature=29 30 68 10 18 80 82 7 7 81 79 78 80 16 6
split_gain=67.3701 52.1981 48.0137 41.8093 36.0273 34.8353 33.918 33.1179 19.4732 21.3259 19.243 19.0105 11.3526 9.95821 9.92053
threshold=26.500000000000004 84.700000000000003 0.043333333333333453 48.500000000000007 38.95000000000001 25.733333333333338 -7.1166666666666556 7.035000000000001 6.8650000000000011 -0.01 -8.0833333333333286 0.53499999999999981 -6.3083333333333327 53.850000000000001 3809.5000000000005
decision_type=2 2 2 2 2 2 2 2 2 2 2 2 2 2 2
left_child=1 3 5 4 -1 -3 -5 -4 9 11 13 -2 -11 -10 -12
right_child=8 2 7 6 -6 -7 -8 -9 10 12 14 -13 -14 -15 -16
leaf_value=-0.028474824903756888 -0.0077142798579792112 0.0087563638541484357 -0.02405906637110914 -0.012597807425080433 0.005695797861616011 0.073166905884582287 0.00075477102993978687 0.09766752358577338 -0.074638547352784565 -0.10052505362230056 -0.040951575205373444 0.12301923819780393 -0.036269854411579448 0.095573469097905331 -0.12884367797688859
leaf_weight=909.88194365084746 57.591756281099151 5193.6354100627868 489.37435392008774 1884.6850317546905 346.04679305440368 69.738255800213665 8860.1903722209026 18.819098260311875 4.6789301889257313 28.235090293512258 16.20420209330041 10.672431635030078 140.52741357629202 6.522074232052546 42.907232534140348
leaf_count=5849 1187 20489 3496 26767 1952 296 53856 49 148 729 1230 161 3329 30 152
internal_value=-0.00074009 -1.1751e-05 0.00705076 -0.00341215 -0.0190235 0.00961885 -0.0015831 -0.0194563 -0.0427051 -0.0300049 -0.0848395 0.0121005 -0.0473059 0.0204015 -0.105553
internal_weight=18079.7 17772.4 5771.57 12000.8 1255.93 5263.37 10744.9 508.193 307.339 237.027 70.3124 68.2642 168.763 11.201 59.1114
internal_count=119720 112754 24330 88424 7801 20785 80623 3545 6966 5406 1560 1348 4058 178 1382
is_linear=0
shrinkage=0.0904078


Tree=30
num_leaves=15
num_cat=0
split_feature=68 35 47 53 68 37 25 6 43 49 33 87 13 2
split_gain=69.3302 54.5772 60.8465 59.2308 52.4025 46.6042 43.8456 40.2105 33.1193 32.3701 27.1616 26.0346 24.1055 18.6879
threshold=0.039999999999999598 9.5500000000000025 3.2500000000000004 5.5000000000000009 -0.063333333333333006 0.17500000000000002 25.500000000000004 3931.5000000000005 2.4500000000000006 5.5000000000000009 73.200000000000003 19.958333333333339 77.950000000000017 39.500000000000007
decision_type=2 2 2 2 2 2 2 2 2 2 2 2 2 2
left_child=1 4 7 -4 5 -1 10 -3 -6 11 12 -8 -2 -11
right_child=6 2 3 -5 8 -7 9 -9 -10 13 -12 -13 -14 -15
leaf_value=0.026941412913621413 -0.023811849543761174 -0.00012017969485847861 0.0067309173467880404 0.02775838198844369 -0.030408190846297638 -0.012341533751312288 -0.017735715036155907 -0.032877581228099292 -0.0047886147981558106 0.072281965416795685 0.12712873950169074 0.16074062049481994 0.047265081750017514 0.0012694299236777338
leaf_weight=778.44872170576309 1696.7122752964951 1907.9516411108016 4372.7973260599356 1465.0731683042468 442.40071784473366 359.60826662631007 166.38876146676557 365.48470914363861 6284.5335753469572 90.527681942665367 9.9008154741604795 6.8982347135024602 39.472514515218791 47.505200000392506
leaf_count=3281 20982 11613 23809 6457 5061 2411 1977 255 43027 485 25 62 186 304
internal_value=-8.71432e-05 0.00192195 0.00712705 0.0120159 -0.00344038 0.0144885 -0.0157102 -0.00540678 -0.0064804 0.0154603 -0.0212941 -0.010342 -0.0221689 0.0481781
internal_weight=18033.7 15976.3 8111.31 5837.87 7864.99 1138.06 2057.41 2273.44 6726.93 311.32 1746.09 173.287 1736.18 138.033
internal_count=119935 95914 42134 30266 53780 5692 24021 11868 48088 2828 21193 2039 21168 789
is_linear=0
shrinkage=0.0904078


Tree=31
num_leaves=15
num_cat=0
split_feature=82 68 39 7 87 68 25 18 18 48 76 76 76 77
split_gain=66.7829 39.1283 39.9284 39.0473 37.7319 37.1318 36.3793 33.6051 42.2996 33.221 32.9312 29.8539 23.5147 18.6535
threshold=2.2833333333333354 0.013333333333334087 0.22500000000000003 6.9750000000000005 -8.5416666666666625 0.10749999999999994 31.500000000000004 45.850000000000001 46.45000000000001 1.5000000000000002 28.883333333333336 25.000000000000007 3.2666666666666715 -2.249999999999996
decision_type=2 2 2 2 2 2 2 2 2 2 2 2 2 2
left_child=7 2 4 6 -2 -5 -3 10 9 -9 11 -1 -10 -4
right_child=1 3 13 5 -6 -7 -8 8 12 -11 -12 -13 -14 -15
leaf_value=-0.010333090930996785 -0.015508214639515428 -0.0097867810195178331 -0.012472847353677388 0.039313155760729343 0.008853089523326951 -0.077115256172991628 0.045995725163956808 0.11982970963104234 0.12176573469118007 0.0019349935974676126 -0.15818206421059694 0.13246176604172477 -0.00068010182115516894 -0.11730088998576278
leaf_weight=5168.2893656818078 552.98435468794924 2811.064105621721 27.683547700347845 240.0293267655652 8317.1517083820363 24.432462757911708 98.645070069389476 49.131059267558157 13.125130907297715 33.745350657125528 12.300712411684797 11.92096207612485 480.68161778143349 30.151999755122233
leaf_count=54364 3288 19917 181 732 35736 115 656 94 37 327 15 32 4146 295
internal_value=-4.43407e-05 0.0037689 0.00683622 -0.00484414 0.00732916 0.0283771 -0.00787953 -0.00805133 0.0126174 0.0723934 -0.0103557 -0.00999494 0.00248908 -0.0679436
internal_weight=17871.3 12102.1 8927.97 3174.17 8870.14 264.462 2909.71 5769.19 576.683 82.8764 5192.51 5180.21 493.807 57.8355
internal_count=119935 60920 39500 21420 39024 847 20573 59015 4604 421 54411 54396 4183 476
is_linear=0
shrinkage=0.0904078


Tree=32
num_leaves=16
num_cat=0
split_feature=35 68 85 6 0 6 82 69 0 47 86 20 6 79 52
split_gain=67.9787 64.4831 49.4349 49.6648 41.2559 47.5253 40.2772 39.5639 35.5641 33.8702 33.2252 33.098 71.6995 36.4791 30.0326
threshold=10.150000000000002 -0.038333333333332657 14.225 3916.5000000000005 1639.5000000000002 3794.5000000000005 10.23333333333334 0.52250000000000008 59.500000000000007 2.8500000000000001 16.441666666666674 5.8550000000000013 3893.5000000000005 -16.658333333333328 1.5000000000000002
decision_type=2 2 2 2 2 2 2 2 2 2 2 2 2 2 2
left_child=1 4 9 -4 5 -1 8 -6 14 -3 -10 13 -13 -8 -2
right_child=6 2 3 -5 7 -7 11 -9 10 -11 -12 12 -14 -15 -16
leaf_value=0.00085191054896687228 -0.074004802559019492 0.011924814459418641 -0.0016324741385878082 0.048217255672038856 -0.04845323883539307 0.027278991224672297 -0.037292388295479033 0.034698676940476014 -0.0057514813310909187 -0.015618473494008687 0.020575736356029866 0.018523304529677997 -0.046504095967632886 0.0180982127797026 0.024992440537738934
leaf_weight=1612.2295442071936 25.941364710280141 391.1848842995596 908.04220905821785 198.76257026195526 192.58147401158931 852.18789076805115 99.748034218879184 61.095128819346428 3562.9493609479405 5088.9182151507475 439.70983917734702 351.11169193068054 228.5138027369976 3132.5488432458224 579.05697708291336
leaf_count=12329 340 3711 5121 141 755 648 470 90 23505 48639 2018 2749 157 15757 3539
internal_value=3.93253e-05 -0.00528396 -0.0101213 0.00727948 0.00642173 0.010009 0.00592783 -0.0282456 0.000230219 -0.013644 -0.0028478 0.0128028 -0.00703572 0.0163744 0.0206689
internal_weight=17724.6 9305 6586.91 1106.8 2718.09 2464.42 8419.58 253.677 4607.66 5480.1 4002.66 3811.92 579.625 3232.3 604.998
internal_count=119969 71434 57612 5262 13822 12977 48535 845 29402 52350 25523 19133 2906 16227 3879
is_linear=0
shrinkage=0.0904078


Tree=33
num_leaves=16
num_cat=0
split_feature=87 31 0 0 74 6 48 86 27 10 17 7 48 11 5
split_gain=66.183 52.6473 47.1143 40.3573 36.3358 47.1579 37.7016 35.015 33.1583 30.1847 29.6295 29.6803 26.2402 25.0321 22.2058
threshold=4.3833333333333364 28.400000000000002 23.500000000000004 353.50000000000006 6.7499999999999973 3931.5000000000005 1.5000000000000002 -8.608333333333329 20.500000000000004 52.500000000000007 1.0000000180025095e-35 6.745000000000001 3.5000000000000004 5.5450000000000008 2.5000000000000004
decision_type=2 2 2 2 2 2 2 2 2 2 2 2 2 2 2
left_child=1 7 9 10 5 -5 -6 13 -4 -3 14 -12 -9 -1 -2
right_child=3 2 8 4 6 -7 -8 12 -10 -11 11 -13 -14 -15 -16
leaf_value=-0.031528622228469229 -0.011528222552346992 0.06812743440600201 0.0030226278479024604 -5.6010862707821563e-05 0.028961976210578784 -0.039909092750836143 0.0035699287676566153 -0.0024092683756489221 -0.0079746998041723485 0.013853763900113345 0.037127027941651014 0.0095417416457443116 -0.026476779270699163 -0.11237756003829165 0.10104523902234794
leaf_weight=480.70289238747046 17.91096866352018 114.32439917192823 4680.2716780231822 1411.2639696470796 646.88973853112839 293.63677197322249 1851.0656910623802 1178.7336736054294 4293.3710842181499 325.59559051614633 441.32753931455591 1175.2815097698804 543.18112387076235 34.049304634041619 59.709559378607082
leaf_count=11662 118 795 28953 9734 2632 278 8466 8643 27244 2283 3257 6952 8538 213 201
internal_value=0.000167038 -0.00378056 -0.000812996 0.0079736 0.00321202 -0.00694726 0.0101642 -0.0162497 -0.00223389 0.0280654 0.0197584 0.0171012 -0.0100282 -0.0369712 0.0744869
internal_weight=17547.3 11650.2 9413.56 5897.09 4202.86 1704.9 2497.96 2236.67 8973.64 439.92 1694.23 1616.61 1721.91 514.752 77.6205
internal_count=119969 88331 59275 31638 21110 10012 11098 29056 56197 3078 10528 10209 17181 11875 319
is_linear=0
shrinkage=0.0904078


Tree=34
num_leaves=12
num_cat=0
split_feature=81 63 29 68 68 20 28 79 87 83 73
split_gain=61.4822 46.374 32.0425 32.3592 29.7253 35.8508 29.7618 15.7363 11.2392 8.23179 9.44906
threshold=-0.051666666666666652 5.5000000000000009 26.500000000000004 -0.063333333333333006 0.027499999999999861 4.6850000000000014 18.500000000000004 -7.1833333333333309 13.09166666666667 7.8833333333333284 16.775000000000002
decision_type=2 2 2 2 2 2 2 2 2 2 2
left_child=8 2 3 -2 6 -6 -3 -4 9 -1 -11
right_child=1 4 7 -5 5 -7 -8 -9 -10 10 -12
leaf_value=0.10141011103184733 0.0080217418026025875 0.021285035625165614 0.018514022425702027 -0.0053371522053075838 0.033854556214806437 -0.019461641939530743 0.0035563744200116814 -0.045561883700182285 0.1495435159079814 -0.02592025890337555 0.07397246781951948
leaf_weight=24.033474866653705 1699.3202046633924 1282.6830965849513 35.555541954543514 11479.361094830307 124.96398130428861 577.8733977524389 1971.0141399844724 214.8420143223284 16.655071238914388 13.556046244368192 16.62997631271719
leaf_count=130 8311 6223 842 85151 753 3650 8644 5806 68 86 87
internal_value=-0.00134198 -0.00168719 -0.00422374 -0.00361112 0.00691069 -0.00991616 0.0105596 -0.0362801 0.0826613 0.0612066 0.0276211
internal_weight=17456.5 17385.6 13429.1 13178.7 3956.53 702.837 3253.7 250.398 70.8746 54.2195 30.186
internal_count=119751 119380 100110 93462 19270 4403 14867 6648 371 303 173
is_linear=0
shrinkage=0.0904078


Tree=35
num_leaves=15
num_cat=0
split_feature=7 81 79 33 17 39 24 12 47 23 76 39 68 31
split_gain=37.6766 44.6324 36.2271 44.917 36.0402 42.0781 34.2437 34.2506 33.5241 32.6217 32.3852 31.0979 36.0592 31.8295
threshold=6.7550000000000008 0.015833333333333342 -2.3666666666666649 23.050000000000004 5.8750000000000009 0.10500000000000002 35.500000000000007 50.150000000000006 3.6500000000000008 0.13500000000000004 -16.474999999999994 0.19500000000000003 -0.10499999999999908 30.750000000000004
decision_type=2 2 2 2 2 2 2 2 2 2 2 2 2 2
left_child=1 11 3 10 9 -6 7 -3 -5 -4 -2 12 -1 -13
right_child=2 6 4 8 5 -7 -8 -9 -10 -11 -12 13 -14 -15
leaf_value=0.038281953763704649 0.069376540104492665 -0.015073004372736018 0.0061030667346399945 -0.0028229179271554244 0.090092736617611288 0.0021222188233795303 0.11558040199041872 -0.094358420596930365 0.01619523755388293 -0.013358651563958018 -0.014176206722201566 -0.010184719392272643 0.0043519672182045221 0.068816040687419797
leaf_weight=273.50557269658748 38.88810916294824 529.57343152713656 803.80117870181675 1294.7073685097457 45.938830283081188 1393.90479519562 15.083045552368274 48.974280297625228 1814.008015747695 5502.0583113428684 1275.6855247940503 59.77035984169197 4125.2817243616119 130.91517339763232
leaf_count=1244 344 6563 2575 7563 240 7812 79 258 9933 42684 12028 1265 25802 1361
internal_value=-0.00144114 0.00500986 -0.00419255 0.00232707 -0.00792155 0.00496239 -0.0182932 -0.0218678 0.00826 -0.0108706 -0.0116684 0.00803405 0.00647226 0.0438164
internal_weight=17352.1 5183.1 12169 4423.29 7745.7 1439.84 593.631 578.548 3108.72 6305.86 1314.57 4589.47 4398.79 190.686
internal_count=119751 36572 83179 29868 53311 8052 6900 6821 17496 45259 12372 29672 27046 2626
is_linear=0
shrinkage=0.0904078


Tree=36
num_leaves=14
num_cat=0
split_feature=82 68 54 16 7 66 21 2 81 30 79 43 70
split_gain=56.5499 32.5236 38.6001 34.2685 31.0934 30.9412 30.9005 24.9165 22.4188 26.4823 24.4921 23.7433 21.8536
threshold=-7.1166666666666556 0.06000000000000006 5.5000000000000009 90.250000000000014 6.9250000000000007 3.5000000000000004 32.95000000000001 28.500000000000004 1.0000000180025095e-35 78.15000000000002 -23.458333333333332 2.5500000000000003 11.38333333333334
decision_type=2 2 2 2 2 2 2 2 2 2 2 2 2
left_child=8 3 7 5 -4 -2 -5 -3 10 12 -1 -12 -10
right_child=1 2 4 6 -6 -7 -8 -9 9 -11 11 -13 -14
leaf_value=-0.13381093937090036 -0.0038810231483065428 -0.05262851145473476 -0.016634898021593295 -0.021787926655929844 0.051330430066064463 0.0049216523536868293 0.058765108876487462 -0.012686386696479413 -0.02317277773174363 0.051854923050503383 -0.042178776479911716 0.004301337029014295 -0.13801727733816307
leaf_weight=11.540327744034583 5104.040720848785 232.1950752931607 118.53159172680898 50.835766113683349 101.62886865730979 9036.3060363701625 156.39843745836697 292.26899574483468 1203.3877483003853 37.879532126389677 102.12239997707911 740.90331028346554 13.842754008335758
leaf_count=105 31747 2812 1044 352 374 44952 470 3349 23436 123 2729 8184 114
internal_value=-0.000614866 0.00132043 -0.0170946 0.00227936 0.0145343 0.00174105 0.0387847 -0.0304588 -0.014481 -0.0221771 -0.00312398 -0.00127633 -0.0245196
internal_weight=17201.9 15092.2 744.625 14347.6 220.16 14140.3 207.234 524.464 2109.68 1255.11 854.566 843.026 1217.23
internal_count=119791 85100 7579 77521 1418 76699 822 6161 34691 23673 11018 10913 23550
is_linear=0
shrinkage=0.0904078


Tree=37
num_leaves=15
num_cat=0
split_feature=34 81 42 77 84 85 31 81 7 6 15 76 6 6
split_gain=51.6105 50.7135 36.6389 37.1367 36.5289 42.1474 33.1761 31.4513 31.1694 28.8993 25.6845 20.7335 19.8738 15.2738
threshold=31.250000000000004 0.013333333333333324 2.7500000000000004 24.641666666666669 -11.358333333333333 10.483333333333338 49.45000000000001 -0.051666666666666652 6.745000000000001 3998.5000000000005 54.550000000000004 -18.458333333333325 3825.0000000000005 3868.5000000000005
decision_type=2 2 2 2 2 2 2 2 2 2 2 2 2 2
left_child=4 2 3 -2 5 10 -4 13 -9 -7 -1 -3 -13 -6
right_child=1 11 6 -5 7 9 -8 8 -10 -11 -12 12 -14 -15
leaf_value=-0.026083276594893977 0.0052889330458202209 0.096490126092233452 0.0064282510843757627 -0.079508218291014315 0.0078666522860688873 0.01574909071671024 0.033372149104613516 0.0060295226911241577 -0.0044251235899840334 0.15514707544809198 0.018733902579312355 -0.019974773498012816 -0.080433267012216703 0.11992574594915734
leaf_weight=1161.8514666572992 1702.4893824118863 9.8783939738059399 640.57557667245419 43.215557112824172 17.694521762181466 134.45226729829301 912.25970070685435 3149.1312711589781 8949.4992719321926 13.498943388462065 113.62043309285946 173.93531322700437 61.30195663869381 25.721643060445786
leaf_count=22764 9029 45 3650 166 165 1291 4606 20302 54983 4 548 2132 91 15
internal_value=-0.000490739 0.00922126 0.0121795 0.00316233 -0.00303114 -0.016736 0.022287 -0.00142071 -0.00170012 0.0288039 -0.0220548 -0.0303983 -0.0359319 0.075341
internal_weight=17109.1 3543.66 3298.54 1745.7 13565.5 1423.42 1552.84 12142 12098.6 147.951 1275.47 245.116 235.237 43.4162
internal_count=119791 19719 17451 9195 100072 24607 8256 75465 75285 1295 23312 2268 2223 180
is_linear=0
shrinkage=0.0904078


Tree=38
num_leaves=16
num_cat=0
split_feature=68 82 29 72 25 26 31 0 42 80 85 73 44 62 72
split_gain=41.3258 32.0207 29.9708 25.9051 25.8911 25.5304 23.641 21.0015 23.001 18.7869 13.7163 11.9711 10.3594 8.27678 1.06796
threshold=0.058333333333333133 -29.55833333333333 4.5000000000000009 -5.2691666666666661 26.500000000000004 29.500000000000004 37.050000000000004 24.500000000000004 2.9500000000000006 -1.0000000180025095e-35 26.058333333333341 9.8250000000000011 3.3500000000000001 3.5000000000000004 1.9033333333333338
decision_type=2 2 2 2 2 2 2 2 2 2 2 2 2 2 2
left_child=1 11 5 -4 7 -3 13 8 -2 -8 -9 12 -1 -6 -13
right_child=4 2 3 -5 6 -7 9 10 -10 -11 -12 14 -14 -15 -16
leaf_value=-0.048782806142751989 0.067367893465769768 0.037765071291928708 0.044181598439525932 0.001129548909293788 0.0076630698087083744 -0.0089555887630028645 0.071142729870426691 -0.031229820841172869 -0.049756558214126022 -0.0060048107615632259 0.018453993609887431 -0.069791104317177763 -0.0068850209179531965 -0.098186579877712274 -0.14545432516583023
leaf_weight=95.37264165032866 39.982248512211299 338.95611693253886 115.13931988246259 15324.647913121657 8.4908930076162523 131.14293310669746 60.864065856956586 701.40365854545234 20.399651175928739 42.992006398075318 47.359419577434892 6.0575577892486745 103.52460978768249 15.935968702673561 7.7009669877734268
leaf_count=5174 423 2749 388 94331 143 1065 454 10756 350 448 203 129 3214 122 43
internal_value=0.000597413 0.00167296 0.00214149 0.00145364 -0.0178515 0.0246347 0.0196856 -0.0238595 0.0270383 0.0387752 -0.0280258 -0.0331614 -0.0272088 -0.0595626 -0.115667
internal_weight=17060 16122.5 15909.9 15439.8 937.428 470.099 128.283 809.145 60.3819 103.856 748.763 212.656 198.897 24.4269 13.7585
internal_count=119992 107093 98533 94719 12899 3814 1167 11732 773 902 10959 8560 8388 265 172
is_linear=0
shrinkage=0.0904078


Tree=39
num_leaves=16
num_cat=0
split_feature=68 87 31 40 3 81 11 43 16 83 75 80 34 11 14
split_gain=37.2256 36.5477 34.369 31.3405 58.4167 44.7976 39.173 39.1238 46.103 33.8246 29.1026 43.7543 22.8543 19.8123 10.9435
threshold=0.012500000000000179 6.0916666666666694 27.250000000000004 0.13500000000000004 1.5000000000000002 -0.055000000000000007 5.3650000000000011 2.2500000000000004 54.850000000000001 15.100000000000001 0.54000000000000059 -2.7500000000000049 49.050000000000004 6.5550000000000006 4.6950000000000012
decision_type=2 2 2 2 2 2 2 2 2 2 2 2 2 2 2
left_child=3 2 14 4 5 -1 -6 8 -5 -9 11 -3 -4 -12 -2
right_child=1 10 12 7 6 -7 -8 9 -10 -11 13 -13 -14 -15 -16
leaf_value=0.13880545001439384 -0.022645867679007049 0.02381746923484895 -0.0087721569938928757 0 0.075430086351906789 -0.03252751711776173 0.0154904526390883 -0.00092348509496215678 -0.07803225279087142 0.01195469399191341 0.051719607776201083 -0.013897430588733561 0.040843365985836433 -0.021441149284680768 -0.050065902382502185
leaf_weight=12.940701467079633 350.93639200688813 409.32539821490354 2705.3270418172651 139.71354641767539 94.098155487856275 280.51987628798088 1858.0157797259526 7794.8991091775733 110.39633688397589 2118.8288711163514 163.73274223852059 651.38708070124994 77.755104376614327 36.11425011526444 189.16348734911662
leaf_count=28 9597 2681 25741 2446 326 2120 6177 49750 610 10675 1110 4912 393 199 3227
internal_value=0.000495238 -0.00646388 -0.0114409 0.00306945 0.012737 -0.0248039 0.0184042 0.000929007 -0.034374 0.00182435 0.00662065 0.000613882 -0.00736917 0.0382694 -0.032336
internal_weight=16993.2 4583.74 3323.18 12409.4 2245.57 293.461 1952.11 10163.8 250.11 9913.73 1260.56 1060.71 2783.08 199.847 540.1
internal_count=119992 47860 38958 72132 8651 2148 6503 63481 3056 60425 8902 7593 26134 1309 12824
is_linear=0
shrinkage=0.0904078


Tree=40
num_leaves=16
num_cat=0
split_feature=10 18 85 50 6 6 87 85 8 6 45 37 8 30 54
split_gain=34.7875 46.8184 33.8255 35.4162 62.6284 48.7738 33.7729 34.1602 29.2779 36.5117 29.5948 27.6628 27.0945 25.4158 19.5024
threshold=48.500000000000007 28.650000000000002 -9.11666666666666 4.5000000000000009 3684.5000000000005 3684.5000000000005 -7.0583333333333327 -5.0250000000000012 4.5000000000000009 3998.5000000000005 2.2500000000000004 0.14500000000000005 1.5000000000000002 84.700000000000003 1.5000000000000002
decision_type=2 2 2 2 2 2 2 2 2 2 2 2 2 2 2
left_child=1 11 8 5 -5 -4 7 -3 9 -2 -10 14 -13 -8 -1
right_child=2 6 3 4 -6 -7 13 -9 10 -11 -12 12 -14 -15 -16
leaf_value=-0.071806472884208911 -0.006516621526696637 0.011532409955428665 0.0004397960195049878 0.0071081024380069326 -0.010149586905228101 0.016332903268780698 -0.0053566896864335059 -0.089443391937589573 0.093436630502977347 0.080026586799963134 -0.040737121294516267 -0.0048429874977301184 -0.065678715725042233 0.028787075607377231 0.021850673402684862
leaf_weight=23.025797036497352 1716.9779229217074 44.404840638298083 3212.0564635663941 3613.3844561559235 3276.7457960173488 3114.4412831738591 729.40679958644614 68.449787806555833 13.852529887357376 40.705586034804583 297.53183173861908 81.197903997901449 246.66817994410485 235.36449805298616 85.385440404730616
leaf_count=357 24385 714 43106 31236 2804 3949 5016 591 265 62 3380 674 1590 1079 311
internal_value=0.00040353 -0.0126654 0.00170089 0.00338612 -0.00109254 0.00827099 -0.0025036 -0.0493158 -0.00904179 -0.00448516 -0.0346135 -0.037659 -0.0507533 0.00292633 0.00152404
internal_weight=16799.6 1513.9 15285.7 13216.6 6890.13 6326.5 1077.63 112.855 2069.07 1757.68 311.384 436.277 327.866 964.771 108.411
internal_count=119519 10332 109187 81095 34040 47055 7400 1305 28092 24447 3645 2932 2264 6095 668
is_linear=0
shrinkage=0.0904078


Tree=41
num_leaves=14
num_cat=0
split_feature=25 35 39 18 45 0 25 6 83 73 6 83 82
split_gain=42.9496 29.2968 32.9955 30.3572 42.7279 32.2342 25.0419 11.1766 11.5925 20.0443 11.0314 9.63559 12.2368
threshold=9.5000000000000018 25.950000000000003 0.22500000000000003 27.650000000000002 3.3500000000000001 1314.5000000000002 89.500000000000014 3650.5000000000005 33.441666666666684 5.2833333333333332 3450.5000000000005 23.291666666666668 27.81666666666667
decision_type=2 2 2 2 2 2 2 2 2 2 2 2 2
left_child=7 2 6 4 -3 -5 -2 11 9 -9 -4 12 -1
right_child=1 3 10 5 -6 -7 -8 8 -10 -11 -12 -13 -14
leaf_value=-0.015984468033195424 0.0004922962230641014 -0.024344387004925645 -0.0080130480382050971 0.011226022748741391 0.049232002009229829 0.047650769826046636 -0.10957166009848163 -0.03919709250915443 0.016253746434234741 -0.12358717140197499 -0.064797364991335676 0.061567875948049418 -0.11954298860573272
leaf_weight=143.40742915014562 15057.956788820467 285.43245216476498 44.726323875804155 620.95331528985116 83.104933182949026 295.36201385909226 16.883316876599565 89.04431483335793 16.625811770558357 32.474972173571587 84.51465417444706 11.534944342594825 10.171603432856498
leaf_count=7586 100124 1234 2785 5185 630 633 47 704 17 62 190 141 181
internal_value=0.000460835 0.00108361 -2.12166e-05 0.0141926 -0.00762664 0.023018 0.000365792 -0.0332476 -0.0523817 -0.062149 -0.0455051 -0.0169562 -0.0231614
internal_weight=16792.2 16488.9 15204.1 1284.85 368.537 916.315 15074.8 303.259 138.145 121.519 129.241 165.114 153.579
internal_count=119519 110828 103146 7682 1864 5818 100171 8691 783 766 2975 7908 7767
is_linear=0
shrinkage=0.0904078


Tree=42
num_leaves=15
num_cat=0
split_feature=31 38 39 83 68 86 77 84 6 30 6 73 26 70
split_gain=44.0529 34.8512 47.4801 35.3676 35.1053 50.9395 34.2341 30.4795 26.6961 24.6186 15.8173 14.0713 11.596 10.4553
threshold=12.750000000000002 0.10500000000000002 0.115 -5.7499999999999973 -0.10499999999999908 -4.224999999999997 -6.0666666666666673 2.2166666666666637 3893.5000000000005 68.850000000000009 3794.5000000000005 -4.5833333333333339 26.500000000000004 -12.908333333333333
decision_type=2 2 2 2 2 2 2 2 2 2 2 2 2 2
left_child=8 2 6 -4 5 -3 -2 -6 9 12 -11 13 -1 -10
right_child=1 4 3 -5 7 -7 -8 -9 11 10 -12 -13 -14 -15
leaf_value=-0.030590143241273494 0.066433081615411116 -0.033048402963152118 0.14415786387050294 0.038962074767716577 -0.0052247476406366792 0.044038038673556559 -0.020343545122863359 0.0028688819175290525 0.026741245843725184 0.0057779603701628279 0.10185218621879645 -0.098926603443606403 0.076561507636201426 -0.058732503636539285
leaf_weight=284.3371102921592 50.676336928881938 89.761399704919313 41.044127497254522 76.785424130037427 6465.0559124780048 310.68825828185072 138.59218726432664 9232.4063597565291 16.115988361649215 59.369075464943307 18.801413476467133 55.221860241144896 8.2434327500814089 37.559260997921228
leaf_count=10078 76 407 78 350 55833 1327 227 50250 159 729 19 101 39 93
internal_value=0 0.000788309 0.0309577 0.0760189 0.000209882 0.026644 0.00265647 -0.000461606 -0.0270074 -0.0152853 0.0294981 -0.0664827 -0.027408 -0.0322192
internal_weight=16884.7 16405 307.098 117.83 16097.9 400.45 189.269 15697.5 479.648 370.751 78.1705 108.897 292.581 53.6752
internal_count=119766 108548 731 428 107817 1734 303 106083 11218 10865 748 353 10117 252
is_linear=0
shrinkage=0.0904078


Tree=43
num_leaves=11
num_cat=0
split_feature=22 68 86 81 10 33 83 6 81 78
split_gain=34.7729 33.3498 33.8367 33.6352 30.7747 17.7065 10.4201 8.74551 2.82369 4.03928
threshold=85.15000000000002 0.095000000000000209 -6.7166666666666632 -0.0050000000000000175 50.500000000000007 53.95000000000001 14.000000000000004 3501.5000000000005 -0.019166666666666648 2.2475000000000009
decision_type=2 2 2 2 2 2 2 2 2 2
left_child=1 2 3 -1 -4 6 -3 8 -2 -10
right_child=7 5 4 -5 -6 -7 -8 -9 9 -11
leaf_value=0.0056690981466313729 0.040455234557154114 -0.060759614716130492 -0.0073789072056952565 -0.014699316290090114 0.0045682258887269431 0.076497213657624921 -0.0022598217907266122 -0.096895548485424046 0.026432895981887809 -0.069895846106543535
leaf_weight=991.12228662844063 4.3366577868000631 118.45159797249289 2077.2181210161889 1983.708867056368 11547.218124682668 9.6290959976249706 33.58601459946658 36.851147945970297 4.4552812568726941 10.765281429787136
leaf_count=8207 73 2180 13456 25176 69696 91 279 92 141 375
internal_value=0.000191582 0.000432837 0.000833551 -0.00789787 0.00274337 -0.0404215 -0.0481395 -0.0706491 -0.0187946 -0.0387117
internal_weight=16817.3 16760.9 16599.3 2974.83 13624.4 161.667 152.038 56.4084 19.5572 15.2206
internal_count=119766 119085 116535 33383 83152 2550 2459 681 589 516
is_linear=0
shrinkage=0.0904078


Tree=44
num_leaves=16
num_cat=0
split_feature=0 84 47 77 31 27 68 26 80 1 1 14 2 24 83
split_gain=34.5815 34.8587 43.5044 32.5182 32.4937 32.3955 29.8023 28.9419 28.2888 28.068 23.716 28.8341 24.2426 19.413 11.8151
threshold=31.500000000000004 -6.0499999999999972 5.2500000000000009 -9.5999999999999979 15.500000000000002 23.500000000000004 -0.017500000000000068 10.500000000000002 6.5750000000000002 18.500000000000004 28.500000000000004 5.9450000000000012 58.500000000000007 26.500000000000004 8.8666666666666742
decision_type=2 2 2 2 2 2 2 2 2 2 2 2 2 2 2
left_child=3 10 4 9 -3 6 -5 -4 -7 14 12 -12 -2 -11 -1
right_child=1 2 7 5 -6 8 -8 -9 -10 13 11 -13 -14 -15 -16
leaf_value=0.084641480355886173 -0.023431966428465539 -0.02814431124035479 -0.086450669887723014 0.034538147887782047 0.0011090837162875346 0.064204643605168046 -0.0030731942322936019 0.040085851560130448 -0.0051359781810436525 -0.082170624025068903 -0.010151802294619587 0.016123024653346502 0.015234632860077434 0.049353642922533532 -0.044731341794556581
leaf_weight=18.779480337154386 1137.2400735529527 318.52635641248889 15.278434022755389 272.82409501910661 11999.32769598091 202.60010495266761 461.65130754164784 307.89927910148253 61.493237508519087 62.198830540824929 1181.0393367032239 479.47565821726312 148.51406476615375 10.283103090798248 7.7915018791682078
leaf_count=203 14842 2946 158 1999 67892 1598 4515 2051 447 661 17520 3109 1609 95 86
internal_value=0.000240312 -0.000849136 0.00121172 0.0157527 0.000348855 0.0206822 0.0108364 0.0339554 0.0478875 -0.0334732 -0.00970667 -0.0025373 -0.01893 -0.0628698 0.0449831
internal_weight=16684.9 15587.3 12641 1097.62 12317.9 998.569 734.475 323.178 264.093 99.0529 2946.27 1660.51 1285.75 72.4819 26.571
internal_count=119731 110127 73047 9604 70838 8559 6514 2209 2045 1045 37080 20629 16451 756 289
is_linear=0
shrinkage=0.0904078


Tree=45
num_leaves=16
num_cat=0
split_feature=24 0 55 1 79 69 82 84 32 32 82 17 16 6 85
split_gain=30.6368 28.3933 28.0035 30.4655 27.6227 58.8775 48.0617 27.8811 26.967 26.5467 24.2432 37.2408 27.9675 23.822 15.0428
threshold=14.500000000000002 20.500000000000004 2.5000000000000004 51.500000000000007 -6.6833333333333309 0.16333333333333336 7.7500000000000044 5.8083333333333345 1.0000000180025095e-35 39.150000000000013 28.950000000000003 4.1750000000000007 62.850000000000001 3962.5000000000005 5.7333333333333325
decision_type=2 2 2 2 2 2 2 2 2 2 2 2 2 2 2
left_child=4 2 13 -4 5 6 -1 -7 14 -10 12 -12 -6 -2 -3
right_child=1 8 3 -5 10 7 -8 -9 9 -11 11 -13 -14 -15 -16
leaf_value=-0.027068897710181332 0.0036782535112878123 0.029350085368757745 0.050943588460595525 -0.019172861304531427 -0.0035053073258645784 -0.10279084477986226 0.05601653360244957 -0.023127424787316879 -0.0033774084168133539 0.004757581537069404 0.13499299436472451 0.0097249893806712704 -0.039845418944484533 -0.12324114422944156 0.13718093027663283
leaf_weight=209.6407321462375 185.22715073396103 31.415087926310662 278.34877807804514 60.84073885667749 2113.6428117345495 98.80134814066696 77.964959747208923 59.073044453121838 6107.0065439886494 7073.3617105769408 24.216920364066027 102.17691869468763 189.04375134764086 12.873124435544012 17.172888584522298
leaf_count=4400 1290 252 1925 492 29571 516 539 391 41746 36660 42 578 1274 16 39
internal_value=0.00029212 0.0020674 0.0224452 0.0382317 -0.00819376 -0.0289061 -0.00438392 -0.0732812 0.00123627 0.000984847 -0.00437615 0.0341125 -0.00650899 -0.00435604 0.0684591
internal_weight=16640.8 13766.2 537.29 339.19 2874.56 445.48 287.606 157.874 13229 13180.4 2429.08 126.394 2302.69 198.1 48.588
internal_count=119731 82420 3723 2417 37311 5846 4939 907 78697 78406 31465 620 30845 1306 291
is_linear=0
shrinkage=0.0904078


Tree=46
num_leaves=13
num_cat=0
split_feature=29 69 16 24 80 18 81 1 79 83 78 19
split_gain=23.8513 22.7529 32.4413 39.2279 31.9281 16.133 17.8064 16.2561 12.6709 11.6683 18.8498 10.8801
threshold=1.5000000000000002 -0.99833333333333318 52.95000000000001 25.500000000000004 -4.9916666666666627 35.050000000000004 -0.034166666666666658 60.500000000000007 14.333333333333339 -1.4416666666666662 -0.81500000000000006 61.750000000000007
decision_type=2 2 2 2 2 2 2 2 2 2 2 2
left_child=8 5 3 -3 -4 6 -2 -7 9 11 -11 -1
right_child=1 2 4 -5 -6 7 -8 -9 -10 10 -12 -13
leaf_value=0.0056318460474820021 0.13484641915348378 0.0015085750642046991 0.0061062478613795705 0.018385541073720282 -0.0064475012707441966 0.006387245233313325 -0.034767303386781974 -0.084500459881049442 0.095957512781934803 -0.060372240017543044 0.042839598573623461 -0.088830050739714658
leaf_weight=60.406163643721811 5.010949833020276 5531.182740122953 2205.15596667092 1415.798977245955 6617.38923364334 214.82570078879553 307.22492267469488 17.353329410798324 20.372364263566851 15.513641504338009 161.43750939141864 11.766860897521836
leaf_count=729 87 42249 12429 7285 38425 6419 10321 359 114 86 989 89
internal_value=0.000144456 -0.00029348 0.000331031 0.00495474 -0.00330457 -0.0184659 -0.0318869 -0.000219143 0.0268212 0.020974 0.0335247 -0.00916687
internal_weight=16583.4 16313.9 15769.5 6946.98 8822.55 544.415 312.236 232.179 269.497 249.124 176.951 72.173
internal_count=119581 117574 100388 49534 50854 17186 10408 6778 2007 1893 1075 818
is_linear=0
shrinkage=0.0904078


Tree=47
num_leaves=13
num_cat=0
split_feature=84 70 7 29 30 41 24 11 68 83 68 7
split_gain=21.9769 26.3062 38.6031 37.3115 29.1611 54.5397 36.5109 20.4869 20.8566 23.4289 19.4358 13.4393
threshold=-14.091666666666663 9.8833333333333364 6.995000000000001 15.500000000000002 96.950000000000017 0.14500000000000005 24.500000000000004 6.8550000000000013 -0.093333333333333254 2.6333333333333351 -0.053333333333333226 7.0250000000000012
decision_type=2 2 2 2 2 2 2 2 2 2 2 2
left_child=7 4 3 -3 6 -6 -2 8 9 -1 -10 -4
right_child=1 2 11 -5 5 -7 -8 -9 10 -11 -12 -13
leaf_value=-0.013678026773727169 0.00022691915968660656 0.0059911030615299133 -0.11798696646308456 -0.010162440796215057 -0.12612400674756433 -0.00075661406534262938 0.011507267717034057 0.080357029207980185 -0.050901014461434947 0.11846992843462405 -0.012363166544370053 -0.029570806712448768
leaf_weight=23.100805060610583 6955.6778809067346 1962.8945792701925 31.367430474725552 2880.9823483167638 40.362240703092539 97.751704465052171 3544.8050758513273 18.741695830220124 124.45835923975756 19.963800186989829 817.9331096928272 28.557407416810747
leaf_count=239 54174 12091 112 12129 101 497 20093 124 1421 53 18467 80
internal_value=0.000124659 0.000964899 -0.0045094 -0.00360709 0.00349254 -0.0377428 0.00403936 -0.0128343 -0.0146553 0.0465632 -0.0175025 -0.0766474
internal_weight=16546.6 15542.4 4903.8 4843.88 10638.6 138.114 10500.5 1004.2 985.456 43.0646 942.391 59.9248
internal_count=119581 99277 24412 24220 74865 598 74267 20304 20180 292 19888 192
is_linear=0
shrinkage=0.0904078


Tree=48
num_leaves=16
num_cat=0
split_feature=83 70 1 87 18 68 6 65 30 13 84 33 81 1 5
split_gain=32.3151 31.0933 36.4309 33.8799 38.2228 34.9707 32.9258 28.8306 36.8055 38.2942 36.0757 32.0765 27.0642 26.5336 25.5877
threshold=18.941666666666674 11.033333333333339 5.5000000000000009 3.5833333333333353 25.050000000000004 -0.038333333333333545 3851.5000000000005 4.5000000000000009 72.300000000000026 49.550000000000004 11.675000000000004 34.850000000000001 -0.019166666666666648 38.500000000000007 5.5000000000000009
decision_type=2 2 2 2 2 2 2 2 2 2 2 2 2 2 2
left_child=1 3 6 5 -5 -1 -3 11 10 -10 -9 12 -2 -4 -13
right_child=7 2 13 4 -6 -7 -8 8 9 -11 -12 14 -14 -15 -16
leaf_value=0.0060601181187011129 0.045248966877304043 -0.02762727619492375 0.00056556138966717961 -0.012774664051869099 0.012036451371989327 -0.007160521382299845 -0.11209321087844824 -0.05704284404462024 0.085687769144364559 0.0046546978160637905 0.01192652748140771 0.073111073271773894 0.0040824404041294388 -0.018101518134370258 -0.02262119401686135
leaf_weight=2306.6082008519079 171.02400234721426 211.94952797171572 1453.4807730754983 619.3022250552458 2777.0767413935246 5599.0583608787929 46.684202611446381 155.56579349619278 49.677046790311579 1230.3977064752253 101.46008017813438 140.95515755104134 564.43500064084219 1082.5188380982217 26.397847561776871
leaf_count=13043 900 1365 7046 3857 17485 59001 39 863 167 6151 642 741 2957 5364 239
internal_value=-0.000499092 -0.00216441 -0.0107032 -4.89764e-05 0.00749885 -0.00329741 -0.0430609 0.00910358 0.00153983 0.00783693 -0.0296417 0.0219304 0.0137187 -0.00738482 0.0577367
internal_weight=16536.6 14096.7 2794.63 11302 3396.38 7905.67 258.634 2439.91 1537.1 1280.07 257.026 902.812 735.459 2536 167.353
internal_count=119860 107200 13814 93386 21342 72044 1404 12660 7823 6318 1505 4837 3857 12410 980
is_linear=0
shrinkage=0.0904078


Tree=49
num_leaves=16
num_cat=0
split_feature=0 29 74 20 0 75 11 10 82 14 30 37 50 6 15
split_gain=25.2124 32.5427 41.7261 33.4916 28.8827 43.8461 33.5081 29.3792 35.6673 25.791 23.9792 37.1811 29.2923 20.7207 5.04119
threshold=763.50000000000011 19.500000000000004 30.500000000000007 3.6250000000000004 1194.5000000000002 -3.1474999999999995 3.8750000000000004 50.500000000000007 28.950000000000003 7.0850000000000009 86.450000000000017 0.10500000000000002 5.5000000000000009 3696.5000000000005 53.650000000000013
decision_type=2 2 2 2 2 2 2 2 2 2 2 2 2 2 2
left_child=1 10 3 -3 5 14 -7 9 -9 -6 12 -12 -1 -4 -2
right_child=4 2 13 -5 7 6 -8 8 -10 -11 11 -13 -14 -15 -16
leaf_value=0.0057505373165840454 0.048959193734534334 0.043290740983387116 -0.017199339289989762 -0.0069426056023583768 -0.018472460911749051 0.035573845363304352 -0.013773325361793654 0.0014729493194610567 0.041155806889475045 0.047626936415317615 -0.099412587972680752 0.015267368670319754 -0.012729730514279027 -0.084054908622700542 0.13269134501458207
leaf_weight=3565.2395052203283 12.467064837699583 116.09736806001138 74.650052220771613 1619.0497567885463 847.00332025652278 116.24711261440825 3063.1471826523684 3819.9774828987938 194.74756299867295 50.790524256124627 23.246371575020021 2028.6764678258114 871.73707700996601 81.492936253547668 16.911749133636476
leaf_count=36099 189 494 694 12639 5363 2643 23234 21518 676 221 39 10048 5884 87 32
internal_value=-0.000662178 0.00281341 -0.00761151 -0.00355458 -0.00425417 -0.0109253 -0.0119544 9.40619e-05 0.00340954 -0.0146808 0.00585896 0.0139445 0.00210936 -0.0523933 0.0987936
internal_weight=16501.5 8380.19 1891.29 1735.15 8121.29 3208.77 3179.39 4912.52 4014.73 897.794 6488.9 2051.92 4436.98 156.143 29.3788
internal_count=119860 65984 13914 13133 53876 26098 25877 27778 22194 5584 52070 10087 41983 781 221
is_linear=0
shrinkage=0.0904078


end of trees

feature_importances:
展示_レース内差=83
1コース複勝率_レース内差=32
開催経過日=28
2コース複勝率_レース内差=27
4コース複勝率_レース内差=27
登番=23
平均スタートタイミング_レース内差=23
3コース複勝率_レース内差=20
2コース複勝率=16
勝率_レース内差=16
5コース複勝率_レース内差=15
級=14
展示=14
1コース進入回数=14
1コース複勝率=14
展示_レース内順位=14
モーター2連率=13
2連率_レース内差=12
6コース複勝率_レース内差=12
2コース進入回数=11
ボート2連率_レース内差=11
4コース複勝率=10
ボート3連率_レース内差=10
モーター=9
当地勝率=9
6コース進入回数=9
3連率_レース内差=9
当地勝率_レース内差=9
当地2連率_レース内差=9
モーター2連率_レース内差=8
体重=7
勝率=7
モーター勝率=7
6コース平均スタート順位=7
当地勝率_レース内順位=7
モーター3連率_レース内差=7
当地2連率=6
ボート勝率=6
5コース複勝率=6
6コース複勝率=6
4コース平均スタートタイミング=6
5コース複勝率_レース内順位=6
モーター勝率_レース内差=6
ボート勝率_レース内差=6
ボート=5
3連率=5
当地3連率=5
3コース複勝率=5
2コース平均スタート順位=5
当地2連率_レース内順位=5
2コース複勝率_レース内順位=5
3コース平均スタート順位=4
勝率_レース内順位=4
平均スタートタイミング_レース内順位=4
3コース複勝率_レース内順位=4
当地3連率_レース内差=4
風速=3
3コース進入回数=3
5コース進入回数=3
2コース平均スタートタイミング=3
5コース平均スタートタイミング=3
1コース平均スタート順位=3
5コース平均スタート順位=3
モーター勝率_レース内順位=3
4コース複勝率_レース内順位=3
風向=2
2連率=2
平均スタートタイミング=2
4コース進入回数=2
6コース平均スタートタイミング=2
4コース平均スタート順位=2
2連率_レース内順位=2
当地3連率_レース内順位=2
1コース複勝率_レース内順位=2
モーター3連率=1
ボート2連率=1
ボート3連率=1
1コース平均スタートタイミング=1
3コース平均スタートタイミング=1
ボート2連率_レース内順位=1
ボート3連率_レース内順位=1

parameters:
[boosting: gbdt]
[objective: lambdarank]
[metric: ndcg]
[tree_learner: serial]
[device_type: cpu]
[data_sample_strategy: bagging]
[data: ]
[valid: ]
[num_iterations: 50]
[learning_rate: 0.0904078]
[num_leaves: 85]
[num_threads: 0]
[seed: 42]
[deterministic: 0]
[force_col_wise: 0]
[force_row_wise: 0]
[histogram_pool_size: -1]
[max_depth: 4]
[min_data_in_leaf: 72]
[min_sum_hessian_in_leaf: 0.001]
[bagging_fraction: 0.825361]
[pos_bagging_fraction: 1]
[neg_bagging_fraction: 1]
[bagging_freq: 2]
[bagging_seed: 400]
[bagging_by_query: 0]
[feature_fraction: 0.908845]
[feature_fraction_bynode: 1]
[feature_fraction_seed: 30056]
[extra_trees: 0]
[extra_seed: 12879]
[early_stopping_round: 0]
[early_stopping_min_delta: 0]
[first_metric_only: 0]
[max_delta_step: 0]
[lambda_l1: 0.504453]
[lambda_l2: 0.0291042]
[linear_lambda: 0]
[min_gain_to_split: 0]
[drop_rate: 0.1]
[max_drop: 50]
[skip_drop: 0.5]
[xgboost_dart_mode: 0]
[uniform_drop: 0]
[drop_seed: 17869]
[top_rate: 0.2]
[other_rate: 0.1]
[min_data_per_group: 100]
[max_cat_threshold: 32]
[cat_l2: 10]
[cat_smooth: 10]
[max_cat_to_onehot: 4]
[top_k: 20]
[monotone_constraints: ]
[monotone_constraints_method: basic]
[monotone_penalty: 0]
[feature_contri: ]
[forcedsplits_filename: ]
[refit_decay_rate: 0.9]
[cegb_tradeoff: 1]
[cegb_penalty_split: 0]
[cegb_penalty_feature_lazy: ]
[cegb_penalty_feature_coupled: ]
[path_smooth: 0]
[interaction_constraints: ]
[verbosity: -1]
[saved_feature_importance_type: 0]
[use_quantized_grad: 0]
[num_grad_quant_bins: 4]
[quant_train_renew_leaf: 0]
[stochastic_rounding: 1]
[linear_tree: 0]
[max_bin: 255]
[max_bin_by_feature: ]
[min_data_in_bin: 3]
[bin_construct_sample_cnt: 200000]
[data_random_seed: 175]
[is_enable_sparse: 1]
[enable_bundle: 1]
[use_missing: 1]
[zero_as_missing: 0]
[feature_pre_filter: 0]
[pre_partition: 0]
[two_round: 0]
[header: 0]
[label_column: ]
[weight_column: ]
[group_column: ]
[ignore_column: ]
[categorical_feature: ]
[forcedbins_filename: ]
[precise_float_parser: 0]
[parser_config_file: ]
[objective_seed: 16083]
[num_class: 1]
[is_unbalance: 0]
[scale_pos_weight: 1]
[sigmoid: 1]
[boost_from_average: 1]
[reg_sqrt: 0]
[alpha: 0.9]
[fair_c: 1]
[poisson_max_delta_step: 0.7]
[tweedie_variance_power: 1.5]
[lambdarank_truncation_level: 30]
[lambdarank_norm: 1]
[label_gain: ]
[lambdarank_position_bias_regularization: 0]
[eval_at: 1,3]
[multi_error_top_k: 1]
[auc_mu_weights: ]
[num_machines: 1]
[local_listen_port: 12400]
[time_out: 120]
[machine_list_filename: ]
[machines: ]
[gpu_platform_id: -1]
[gpu_device_id: -1]
[gpu_use_dp: 0]
[num_gpu: 1]

end of parameters

pandas_categorical:[]
